1 2 7764
1 3 7385
1 4 9304
1 5 111
1 6 2978
1 7 8389
1 8 4593
1 9 8785
1 10 964
1 11 2648
1 12 8440
1 13 1524
1 14 4706
1 15 6932
1 16 528
1 17 8115
1 18 3645
1 19 1630
1 20 8373
1 21 5251
1 22 1488
1 23 2288
1 24 2743
1 25 8341
1 26 9364
1 27 3145
1 28 8270
1 29 2504
1 30 3013
1 31 557
1 32 6552
1 33 7125
1 34 4289
1 35 2203
1 36 3583
1 37 7263
1 38 6939
1 39 8171
1 40 2395
1 41 7898
1 42 7166
1 43 830
1 44 5770
1 45 1868
1 46 7758
1 47 6293
1 48 9978
1 49 7750
1 50 7918
1 51 8346
1 52 2997
1 53 9401
1 54 6982
1 55 2087
1 56 4090
1 57 6341
1 58 5227
1 59 8707
1 60 5192
1 61 4588
1 62 5612
1 63 8091
1 64 8060
1 65 9896
1 66 289
1 67 1638
1 68 7154
1 69 7224
1 70 6156
1 71 9544
1 72 1469
1 73 3318
1 74 6722
1 75 7234
1 76 5181
1 77 827
1 78 3522
1 79 5154
1 80 8572
1 81 7787
1 82 9848
1 83 7916
1 84 7184
1 85 6825
1 86 9998
1 87 7621
1 88 9513
1 89 1573
1 90 6323
1 91 4700
1 92 2508
1 93 1930
1 94 2786
1 95 563
1 96 1822
1 97 9422
1 98 2196
1 99 8971
1 100 6641
2 3 8347
2 4 4863
2 5 4458
2 6 1660
2 7 7932
2 8 8039
2 9 3188
2 10 8754
2 11 1557
2 12 8338
2 13 7321
2 14 9339
2 15 4533
2 16 1585
2 17 2870
2 18 1353
2 19 1578
2 20 486
2 21 861
2 22 9498
2 23 3157
2 24 1908
2 25 2001
2 26 5082
2 27 1041
2 28 2559
2 29 6899
2 30 458
2 31 4750
2 32 2218
2 33 3447
2 34 9445
2 35 3428
2 36 7900
2 37 7452
2 38 1355
2 39 5934
2 40 636
2 41 104
2 42 3838
2 43 5321
2 44 3772
2 45 9525
2 46 9849
2 47 5352
2 48 8742
2 49 1197
2 50 3278
2 51 5576
2 52 8405
2 53 9123
2 54 8728
2 55 6660
2 56 1120
2 57 3805
2 58 7696
2 59 3674
2 60 7052
2 61 4501
2 62 4772
2 63 9265
2 64 7943
2 65 564
2 66 2688
2 67 2190
2 68 8011
2 69 390
2 70 4472
2 71 4994
2 72 489
2 73 8305
2 74 310
2 75 608
2 76 4177
2 77 154
2 78 2308
2 79 9267
2 80 7698
2 81 1933
2 82 4838
2 83 2450
2 84 1051
2 85 9913
2 86 5457
2 87 2166
2 88 3713
2 89 3148
2 90 2188
2 91 7112
2 92 7645
2 93 3307
2 94 6372
2 95 1935
2 96 218
2 97 5407
2 98 4121
2 99 8224
2 100 5792
3 4 8588
3 5 9566
3 6 2628
3 7 3240
3 8 9871
3 9 9584
3 10 3765
3 11 6373
3 12 8239
3 13 3027
3 14 418
3 15 167
3 16 7860
3 17 2864
3 18 7565
3 19 4120
3 20 8316
3 21 9727
3 22 4180
3 23 7812
3 24 8262
3 25 1288
3 26 1804
3 27 7916
3 28 4007
3 29 3734
3 30 8129
3 31 9410
3 32 4202
3 33 2700
3 34 1549
3 35 2785
3 36 2261
3 37 525
3 38 2373
3 39 8480
3 40 6456
3 41 6133
3 42 4848
3 43 4690
3 44 5507
3 45 1613
3 46 1204
3 47 9714
3 48 4472
3 49 8764
3 50 3829
3 51 9136
3 52 4838
3 53 8004
3 54 3295
3 55 3095
3 56 9287
3 57 5094
3 58 7358
3 59 3290
3 60 8823
3 61 5482
3 62 9047
3 63 3021
3 64 8178
3 65 6943
3 66 2153
3 67 434
3 68 3815
3 69 873
3 70 5261
3 71 266
3 72 7001
3 73 6456
3 74 4951
3 75 2503
3 76 8065
3 77 2502
3 78 2212
3 79 8884
3 80 1262
3 81 2388
3 82 8015
3 83 2447
3 84 388
3 85 1305
3 86 5538
3 87 9670
3 88 6394
3 89 2891
3 90 9307
3 91 1565
3 92 4721
3 93 4701
3 94 933
3 95 2894
3 96 1640
3 97 9433
3 98 9675
3 99 5450
3 100 302
4 5 4932
4 6 2064
4 7 3650
4 8 1383
4 9 3362
4 10 2501
4 11 5795
4 12 5860
4 13 4708
4 14 4675
4 15 3469
4 16 3444
4 17 2685
4 18 5911
4 19 3827
4 20 338
4 21 1444
4 22 9844
4 23 3079
4 24 683
4 25 9147
4 26 991
4 27 1751
4 28 195
4 29 1919
4 30 4640
4 31 1830
4 32 1348
4 33 662
4 34 3628
4 35 7997
4 36 5589
4 37 5687
4 38 1642
4 39 3320
4 40 9044
4 41 4138
4 42 9110
4 43 1251
4 44 5194
4 45 3780
4 46 4715
4 47 8633
4 48 2813
4 49 622
4 50 2455
4 51 9498
4 52 8413
4 53 8646
4 54 2572
4 55 5443
4 56 7788
4 57 3559
4 58 7189
4 59 7979
4 60 1825
4 61 1824
4 62 6156
4 63 9520
4 64 8834
4 65 6131
4 66 7512
4 67 770
4 68 1813
4 69 5502
4 70 4085
4 71 7205
4 72 9635
4 73 9543
4 74 8451
4 75 1176
4 76 9670
4 77 9514
4 78 9804
4 79 8830
4 80 131
4 81 8606
4 82 8323
4 83 8539
4 84 7248
4 85 891
4 86 3978
4 87 1383
4 88 797
4 89 1162
4 90 5709
4 91 2617
4 92 9334
4 93 1861
4 94 2133
4 95 8163
4 96 7987
4 97 5992
4 98 8928
4 99 6148
4 100 1489
5 6 9361
5 7 9700
5 8 7472
5 9 5251
5 10 4498
5 11 8643
5 12 4916
5 13 4007
5 14 4795
5 15 94
5 16 4133
5 17 9748
5 18 8412
5 19 2668
5 20 3343
5 21 5650
5 22 2993
5 23 1074
5 24 6442
5 25 502
5 26 6778
5 27 5407
5 28 9831
5 29 4986
5 30 3887
5 31 4341
5 32 9321
5 33 9874
5 34 3265
5 35 1816
5 36 7711
5 37 8973
5 38 1511
5 39 5178
5 40 4219
5 41 6004
5 42 168
5 43 5482
5 44 7
5 45 1310
5 46 5571
5 47 487
5 48 1054
5 49 3979
5 50 9502
5 51 4392
5 52 5976
5 53 2490
5 54 1813
5 55 8766
5 56 2988
5 57 8587
5 58 4168
5 59 9166
5 60 9920
5 61 4402
5 62 3503
5 63 9236
5 64 623
5 65 3115
5 66 1047
5 67 8329
5 68 2083
5 69 8905
5 70 9854
5 71 6297
5 72 1257
5 73 18
5 74 1774
5 75 7611
5 76 1323
5 77 7341
5 78 8093
5 79 8724
5 80 7667
5 81 7591
5 82 9464
5 83 9990
5 84 6428
5 85 1272
5 86 8751
5 87 5763
5 88 6206
5 89 9266
5 90 4925
5 91 6122
5 92 3663
5 93 8423
5 94 5353
5 95 4282
5 96 7885
5 97 2748
5 98 8958
5 99 9963
5 100 1648
6 7 8808
6 8 2607
6 9 9252
6 10 5173
6 11 4376
6 12 6858
6 13 2843
6 14 8064
6 15 4947
6 16 1563
6 17 2078
6 18 8885
6 19 7374
6 20 2064
6 21 5308
6 22 8641
6 23 810
6 24 1067
6 25 4843
6 26 6424
6 27 2339
6 28 7312
6 29 82
6 30 7109
6 31 2660
6 32 4359
6 33 4989
6 34 1755
6 35 3313
6 36 4947
6 37 9751
6 38 8468
6 39 7549
6 40 8998
6 41 3636
6 42 8272
6 43 5852
6 44 6474
6 45 2684
6 46 7146
6 47 4384
6 48 4757
6 49 6026
6 50 1753
6 51 3168
6 52 7681
6 53 6742
6 54 326
6 55 5095
6 56 1580
6 57 6745
6 58 7429
6 59 5239
6 60 6822
6 61 4533
6 62 4246
6 63 7529
6 64 9517
6 65 5997
6 66 7189
6 67 811
6 68 2095
6 69 5652
6 70 8355
6 71 1088
6 72 5635
6 73 2975
6 74 3287
6 75 2104
6 76 5654
6 77 6780
6 78 6484
6 79 6758
6 80 9153
6 81 4584
6 82 9922
6 83 6830
6 84 1321
6 85 6595
6 86 8272
6 87 9248
6 88 3335
6 89 5697
6 90 4482
6 91 6504
6 92 6577
6 93 8724
6 94 380
6 95 6090
6 96 1068
6 97 7564
6 98 3248
6 99 3158
6 100 9563
7 8 1599
7 9 593
7 10 5193
7 11 921
7 12 3876
7 13 3645
7 14 6570
7 15 7003
7 16 6476
7 17 9675
7 18 6152
7 19 1055
7 20 5944
7 21 9329
7 22 2372
7 23 2534
7 24 7596
7 25 7967
7 26 2216
7 27 3288
7 28 2445
7 29 8716
7 30 9861
7 31 1164
7 32 9091
7 33 2298
7 34 2227
7 35 3003
7 36 5541
7 37 5380
7 38 8913
7 39 3487
7 40 5968
7 41 454
7 42 4403
7 43 6191
7 44 446
7 45 7320
7 46 9542
7 47 6917
7 48 3343
7 49 5689
7 50 4319
7 51 9282
7 52 5013
7 53 3038
7 54 8164
7 55 2604
7 56 1001
7 57 375
7 58 2240
7 59 3441
7 60 5438
7 61 8448
7 62 952
7 63 4525
7 64 7093
7 65 3174
7 66 3875
7 67 2629
7 68 4901
7 69 9135
7 70 2464
7 71 7216
7 72 9584
7 73 3214
7 74 9755
7 75 25
7 76 6882
7 77 9292
7 78 3289
7 79 220
7 80 1328
7 81 3956
7 82 5849
7 83 6336
7 84 6989
7 85 4008
7 86 5287
7 87 7985
7 88 4379
7 89 7522
7 90 7773
7 91 9812
7 92 2317
7 93 8720
7 94 684
7 95 9405
7 96 8241
7 97 906
7 98 8382
7 99 9489
7 100 37
8 9 841
8 10 6701
8 11 5968
8 12 402
8 13 2803
8 14 5989
8 15 3631
8 16 2090
8 17 5625
8 18 3846
8 19 3413
8 20 9576
8 21 6043
8 22 6096
8 23 6561
8 24 46
8 25 1378
8 26 893
8 27 772
8 28 5248
8 29 5014
8 30 6932
8 31 7560
8 32 81
8 33 3963
8 34 3313
8 35 4670
8 36 1217
8 37 1690
8 38 4154
8 39 1249
8 40 8878
8 41 7202
8 42 7212
8 43 5627
8 44 10000
8 45 9548
8 46 9254
8 47 8437
8 48 1521
8 49 3095
8 50 8197
8 51 1092
8 52 5485
8 53 4288
8 54 4000
8 55 1879
8 56 2014
8 57 4889
8 58 2646
8 59 3609
8 60 6250
8 61 5925
8 62 7516
8 63 6326
8 64 6236
8 65 824
8 66 991
8 67 7448
8 68 8861
8 69 1493
8 70 5044
8 71 7734
8 72 8690
8 73 2251
8 74 3357
8 75 8686
8 76 8147
8 77 2606
8 78 7118
8 79 9663
8 80 2048
8 81 5311
8 82 7102
8 83 7529
8 84 5946
8 85 1098
8 86 9403
8 87 7955
8 88 2334
8 89 8396
8 90 7911
8 91 8579
8 92 669
8 93 5423
8 94 1252
8 95 6900
8 96 6242
8 97 8591
8 98 4343
8 99 5099
8 100 79
9 10 9382
9 11 9180
9 12 8764
9 13 7980
9 14 8884
9 15 3797
9 16 2474
9 17 1485
9 18 7263
9 19 8484
9 20 9881
9 21 8921
9 22 5582
9 23 3757
9 24 4862
9 25 6675
9 26 9507
9 27 9165
9 28 9004
9 29 4250
9 30 7071
9 31 3930
9 32 4914
9 33 8841
9 34 5177
9 35 1809
9 36 1431
9 37 3763
9 38 2499
9 39 2877
9 40 189
9 41 8228
9 42 2052
9 43 5301
9 44 6204
9 45 932
9 46 9093
9 47 8673
9 48 8764
9 49 2703
9 50 7153
9 51 4992
9 52 1619
9 53 9082
9 54 5096
9 55 6477
9 56 5752
9 57 4598
9 58 1989
9 59 4751
9 60 5196
9 61 5407
9 62 8676
9 63 105
9 64 4244
9 65 200
9 66 8262
9 67 5670
9 68 311
9 69 7108
9 70 8542
9 71 495
9 72 5332
9 73 6941
9 74 5791
9 75 1531
9 76 4220
9 77 1232
9 78 6551
9 79 2980
9 80 3930
9 81 51
9 82 4319
9 83 5545
9 84 9128
9 85 9411
9 86 8369
9 87 4875
9 88 4004
9 89 353
9 90 5973
9 91 9195
9 92 5755
9 93 996
9 94 5648
9 95 6346
9 96 7544
9 97 257
9 98 2011
9 99 7850
9 100 7360
10 11 6900
10 12 8340
10 13 2687
10 14 3837
10 15 479
10 16 4213
10 17 8052
10 18 1706
10 19 7112
10 20 7379
10 21 1983
10 22 7158
10 23 1694
10 24 7523
10 25 2634
10 26 1100
10 27 2239
10 28 3856
10 29 1451
10 30 2587
10 31 9825
10 32 6994
10 33 4690
10 34 7168
10 35 8989
10 36 7383
10 37 4707
10 38 9241
10 39 9390
10 40 2552
10 41 6596
10 42 2637
10 43 7240
10 44 9279
10 45 2821
10 46 7714
10 47 9839
10 48 7221
10 49 5767
10 50 3298
10 51 4595
10 52 7745
10 53 6804
10 54 2636
10 55 5264
10 56 9433
10 57 83
10 58 7498
10 59 3284
10 60 7882
10 61 6433
10 62 9456
10 63 4871
10 64 7470
10 65 6620
10 66 3855
10 67 4848
10 68 7674
10 69 9443
10 70 585
10 71 6574
10 72 2386
10 73 9570
10 74 3809
10 75 1660
10 76 2386
10 77 1518
10 78 7847
10 79 9602
10 80 3632
10 81 7492
10 82 545
10 83 1372
10 84 4291
10 85 3176
10 86 2983
10 87 3719
10 88 3255
10 89 6829
10 90 3351
10 91 1132
10 92 3257
10 93 9154
10 94 2350
10 95 7074
10 96 2121
10 97 2552
10 98 1917
10 99 9791
10 100 1990
11 12 8850
11 13 6360
11 14 4371
11 15 8415
11 16 164
11 17 2379
11 18 796
11 19 8029
11 20 6573
11 21 6746
11 22 8008
11 23 4060
11 24 7286
11 25 9375
11 26 8347
11 27 6809
11 28 2354
11 29 8413
11 30 59
11 31 9178
11 32 8111
11 33 7538
11 34 8782
11 35 7261
11 36 6235
11 37 2203
11 38 9377
11 39 8782
11 40 4115
11 41 9163
11 42 7119
11 43 9312
11 44 1870
11 45 7838
11 46 7722
11 47 8381
11 48 6564
11 49 4866
11 50 2757
11 51 3132
11 52 1607
11 53 760
11 54 3539
11 55 5240
11 56 131
11 57 8233
11 58 2044
11 59 8832
11 60 2994
11 61 8451
11 62 4357
11 63 1100
11 64 2336
11 65 9486
11 66 8356
11 67 8567
11 68 1684
11 69 7729
11 70 3696
11 71 2146
11 72 3239
11 73 7163
11 74 1454
11 75 5105
11 76 4996
11 77 5523
11 78 9833
11 79 7907
11 80 384
11 81 2586
11 82 1034
11 83 8338
11 84 3341
11 85 920
11 86 3573
11 87 9819
11 88 9149
11 89 5613
11 90 4998
11 91 8490
11 92 4059
11 93 5702
11 94 9585
11 95 2742
11 96 5183
11 97 7937
11 98 1304
11 99 6862
11 100 2013
12 13 1348
12 14 5356
12 15 1599
12 16 8506
12 17 6805
12 18 3051
12 19 3497
12 20 2323
12 21 2880
12 22 7751
12 23 9055
12 24 1813
12 25 5132
12 26 7388
12 27 5149
12 28 6047
12 29 957
12 30 1316
12 31 1543
12 32 6565
12 33 2661
12 34 28
12 35 6971
12 36 8359
12 37 9609
12 38 9708
12 39 3537
12 40 3893
12 41 7360
12 42 6747
12 43 2253
12 44 8703
12 45 2098
12 46 199
12 47 7204
12 48 5250
12 49 3246
12 50 7048
12 51 7568
12 52 2473
12 53 4794
12 54 6618
12 55 4281
12 56 9921
12 57 4002
12 58 5777
12 59 2315
12 60 1306
12 61 7088
12 62 3854
12 63 7866
12 64 6097
12 65 229
12 66 1184
12 67 4451
12 68 6185
12 69 7239
12 70 4335
12 71 73
12 72 4594
12 73 1077
12 74 8673
12 75 3292
12 76 9522
12 77 8868
12 78 6843
12 79 4767
12 80 8461
12 81 3886
12 82 2331
12 83 929
12 84 5027
12 85 5296
12 86 5205
12 87 1295
12 88 5645
12 89 7329
12 90 3606
12 91 6946
12 92 4413
12 93 7455
12 94 1159
12 95 6857
12 96 4031
12 97 8690
12 98 1303
12 99 212
12 100 5925
13 14 5633
13 15 6632
13 16 514
13 17 3058
13 18 5301
13 19 154
13 20 2575
13 21 516
13 22 3344
13 23 7338
13 24 8972
13 25 3578
13 26 6016
13 27 6248
13 28 8600
13 29 7659
13 30 7800
13 31 9891
13 32 9652
13 33 5124
13 34 3492
13 35 6593
13 36 5884
13 37 7294
13 38 4100
13 39 2736
13 40 7672
13 41 2785
13 42 386
13 43 7879
13 44 8705
13 45 6015
13 46 4507
13 47 5567
13 48 5420
13 49 6155
13 50 2068
13 51 7990
13 52 6666
13 53 5407
13 54 1675
13 55 1985
13 56 8980
13 57 4038
13 58 8228
13 59 3928
13 60 1693
13 61 6023
13 62 3814
13 63 1340
13 64 7494
13 65 3653
13 66 4280
13 67 3374
13 68 7294
13 69 8375
13 70 6105
13 71 4961
13 72 1156
13 73 6487
13 74 2836
13 75 6208
13 76 8849
13 77 7338
13 78 8122
13 79 4264
13 80 3488
13 81 185
13 82 8601
13 83 6501
13 84 1940
13 85 272
13 86 8481
13 87 7267
13 88 4305
13 89 3056
13 90 1190
13 91 2345
13 92 5426
13 93 1351
13 94 32
13 95 2915
13 96 4999
13 97 4308
13 98 6284
13 99 8640
13 100 9030
14 15 8737
14 16 3597
14 17 6533
14 18 1571
14 19 2780
14 20 2737
14 21 415
14 22 6465
14 23 854
14 24 1026
14 25 6300
14 26 7387
14 27 9622
14 28 2796
14 29 9322
14 30 9889
14 31 7624
14 32 6584
14 33 542
14 34 7027
14 35 7770
14 36 9234
14 37 8800
14 38 9116
14 39 5614
14 40 1710
14 41 463
14 42 9917
14 43 4342
14 44 9098
14 45 5294
14 46 9426
14 47 9042
14 48 1823
14 49 992
14 50 1817
14 51 907
14 52 7754
14 53 4629
14 54 8108
14 55 8775
14 56 924
14 57 5490
14 58 8392
14 59 67
14 60 1159
14 61 4629
14 62 4038
14 63 7739
14 64 1518
14 65 1060
14 66 1856
14 67 747
14 68 9855
14 69 7319
14 70 6356
14 71 7913
14 72 4129
14 73 2620
14 74 8602
14 75 9575
14 76 4262
14 77 8023
14 78 8612
14 79 6080
14 80 9010
14 81 6777
14 82 3334
14 83 6759
14 84 1401
14 85 1437
14 86 1881
14 87 8673
14 88 6923
14 89 268
14 90 8735
14 91 8077
14 92 4892
14 93 9121
14 94 2163
14 95 6405
14 96 176
14 97 366
14 98 3500
14 99 6379
14 100 7681
15 16 6203
15 17 4287
15 18 8157
15 19 8819
15 20 2884
15 21 7727
15 22 9428
15 23 7254
15 24 2687
15 25 5503
15 26 2611
15 27 9459
15 28 8832
15 29 5717
15 30 7207
15 31 6616
15 32 7593
15 33 2227
15 34 3534
15 35 7856
15 36 7310
15 37 7959
15 38 9096
15 39 6426
15 40 117
15 41 1848
15 42 2949
15 43 479
15 44 5343
15 45 9323
15 46 4507
15 47 7894
15 48 9957
15 49 2659
15 50 3060
15 51 2836
15 52 6734
15 53 2483
15 54 6437
15 55 9416
15 56 4333
15 57 9043
15 58 5222
15 59 9512
15 60 4755
15 61 8776
15 62 6123
15 63 2343
15 64 999
15 65 9653
15 66 6547
15 67 8304
15 68 3959
15 69 5638
15 70 1077
15 71 4071
15 72 7481
15 73 4021
15 74 897
15 75 9172
15 76 3340
15 77 1751
15 78 3413
15 79 3292
15 80 4406
15 81 6468
15 82 2476
15 83 7487
15 84 8946
15 85 8908
15 86 6898
15 87 3274
15 88 7947
15 89 2115
15 90 2781
15 91 9049
15 92 886
15 93 8899
15 94 1388
15 95 8232
15 96 4899
15 97 7930
15 98 2883
15 99 8853
15 100 3563
16 17 3955
16 18 9272
16 19 7391
16 20 4324
16 21 164
16 22 2910
16 23 4011
16 24 1911
16 25 6318
16 26 3650
16 27 2664
16 28 9133
16 29 6121
16 30 146
16 31 8074
16 32 1377
16 33 3391
16 34 7695
16 35 5671
16 36 5501
16 37 6823
16 38 4715
16 39 2734
16 40 5718
16 41 6098
16 42 7314
16 43 6964
16 44 4023
16 45 192
16 46 5813
16 47 3933
16 48 495
16 49 1432
16 50 7672
16 51 1166
16 52 1591
16 53 6929
16 54 5172
16 55 9849
16 56 9595
16 57 8817
16 58 8860
16 59 8723
16 60 4934
16 61 5353
16 62 6793
16 63 2658
16 64 8739
16 65 835
16 66 8324
16 67 587
16 68 7654
16 69 3034
16 70 9669
16 71 9719
16 72 9128
16 73 6978
16 74 6678
16 75 9498
16 76 3517
16 77 8838
16 78 9779
16 79 359
16 80 265
16 81 3798
16 82 1520
16 83 8204
16 84 722
16 85 6687
16 86 4400
16 87 6664
16 88 5500
16 89 3256
16 90 5383
16 91 6781
16 92 4956
16 93 2171
16 94 5786
16 95 3691
16 96 3001
16 97 4105
16 98 625
16 99 7002
16 100 7134
17 18 289
17 19 6716
17 20 2609
17 21 7262
17 22 3390
17 23 8455
17 24 7127
17 25 2223
17 26 4581
17 27 7481
17 28 8836
17 29 4726
17 30 8997
17 31 7035
17 32 5443
17 33 2031
17 34 7782
17 35 2103
17 36 3878
17 37 7385
17 38 3833
17 39 7006
17 40 2337
17 41 5999
17 42 2787
17 43 2375
17 44 5347
17 45 6887
17 46 2995
17 47 2345
17 48 369
17 49 3280
17 50 5408
17 51 9325
17 52 6889
17 53 8793
17 54 4127
17 55 363
17 56 7364
17 57 8703
17 58 7840
17 59 6195
17 60 3424
17 61 3184
17 62 9577
17 63 5215
17 64 1562
17 65 3706
17 66 3665
17 67 5436
17 68 1087
17 69 7493
17 70 2437
17 71 3419
17 72 9839
17 73 5220
17 74 2141
17 75 1533
17 76 8454
17 77 5131
17 78 225
17 79 5170
17 80 4758
17 81 5629
17 82 4491
17 83 7995
17 84 4417
17 85 8613
17 86 4705
17 87 8128
17 88 3664
17 89 2540
17 90 670
17 91 7083
17 92 2071
17 93 242
17 94 8645
17 95 3629
17 96 296
17 97 2305
17 98 9060
17 99 1378
17 100 6145
18 19 7844
18 20 1144
18 21 5979
18 22 9411
18 23 3280
18 24 7508
18 25 4213
18 26 4758
18 27 7728
18 28 9378
18 29 5864
18 30 9704
18 31 216
18 32 206
18 33 4117
18 34 5177
18 35 4906
18 36 8592
18 37 8836
18 38 3794
18 39 9258
18 40 2266
18 41 5860
18 42 5847
18 43 907
18 44 5836
18 45 6138
18 46 9559
18 47 1243
18 48 7511
18 49 5700
18 50 9083
18 51 8650
18 52 1674
18 53 4841
18 54 8277
18 55 5529
18 56 9049
18 57 9383
18 58 3253
18 59 4775
18 60 5242
18 61 2952
18 62 4986
18 63 1795
18 64 3416
18 65 6510
18 66 3048
18 67 2004
18 68 5341
18 69 6837
18 70 1257
18 71 7603
18 72 9045
18 73 7099
18 74 4857
18 75 1228
18 76 9585
18 77 4411
18 78 2467
18 79 7091
18 80 106
18 81 7897
18 82 2089
18 83 1776
18 84 2733
18 85 361
18 86 7300
18 87 8130
18 88 9739
18 89 6900
18 90 2900
18 91 1328
18 92 6200
18 93 4233
18 94 9470
18 95 5963
18 96 739
18 97 2514
18 98 4314
18 99 6075
18 100 9346
19 20 1918
19 21 25
19 22 4738
19 23 5365
19 24 4877
19 25 5962
19 26 4945
19 27 5636
19 28 8424
19 29 2031
19 30 5737
19 31 6316
19 32 4115
19 33 3860
19 34 5396
19 35 824
19 36 7508
19 37 3521
19 38 6910
19 39 755
19 40 2768
19 41 4586
19 42 3302
19 43 6997
19 44 4051
19 45 9261
19 46 7731
19 47 6560
19 48 3570
19 49 153
19 50 5902
19 51 1836
19 52 174
19 53 6987
19 54 7196
19 55 1398
19 56 2944
19 57 2136
19 58 7029
19 59 7715
19 60 514
19 61 9114
19 62 378
19 63 977
19 64 2969
19 65 5770
19 66 1796
19 67 6824
19 68 5638
19 69 5053
19 70 7575
19 71 8402
19 72 9634
19 73 872
19 74 1746
19 75 3681
19 76 128
19 77 9472
19 78 236
19 79 46
19 80 9620
19 81 2485
19 82 8229
19 83 6141
19 84 9468
19 85 5420
19 86 3887
19 87 8759
19 88 3903
19 89 7263
19 90 6470
19 91 4412
19 92 6372
19 93 3195
19 94 5384
19 95 5689
19 96 5312
19 97 3527
19 98 2508
19 99 946
19 100 8576
20 21 78
20 22 5695
20 23 8205
20 24 946
20 25 7436
20 26 1881
20 27 7421
20 28 3255
20 29 8465
20 30 3814
20 31 2870
20 32 945
20 33 8390
20 34 5359
20 35 6760
20 36 3805
20 37 9241
20 38 1867
20 39 7703
20 40 6499
20 41 4684
20 42 8463
20 43 9219
20 44 7874
20 45 3842
20 46 4903
20 47 3182
20 48 3717
20 49 7406
20 50 475
20 51 2288
20 52 3832
20 53 6165
20 54 488
20 55 1125
20 56 9948
20 57 8717
20 58 8541
20 59 3198
20 60 7177
20 61 8703
20 62 2415
20 63 4469
20 64 7088
20 65 7769
20 66 7577
20 67 7241
20 68 3357
20 69 9439
20 70 1291
20 71 6204
20 72 4118
20 73 9749
20 74 5418
20 75 8339
20 76 9939
20 77 316
20 78 1516
20 79 3651
20 80 4069
20 81 1986
20 82 5934
20 83 7896
20 84 4498
20 85 2769
20 86 9016
20 87 4441
20 88 7833
20 89 3905
20 90 7634
20 91 1357
20 92 8955
20 93 6397
20 94 5822
20 95 6038
20 96 4161
20 97 9746
20 98 9626
20 99 3866
20 100 5532
21 22 913
21 23 65
21 24 9645
21 25 657
21 26 5478
21 27 7979
21 28 6943
21 29 2141
21 30 5843
21 31 589
21 32 6205
21 33 7824
21 34 2870
21 35 449
21 36 8670
21 37 1987
21 38 9460
21 39 3106
21 40 9815
21 41 3360
21 42 7088
21 43 7520
21 44 2310
21 45 3480
21 46 9689
21 47 4696
21 48 3988
21 49 9430
21 50 4317
21 51 4201
21 52 4957
21 53 1577
21 54 4261
21 55 949
21 56 8582
21 57 6086
21 58 5275
21 59 5520
21 60 4574
21 61 1113
21 62 2457
21 63 775
21 64 5285
21 65 1674
21 66 1219
21 67 3950
21 68 3656
21 69 7026
21 70 3403
21 71 9819
21 72 382
21 73 6838
21 74 7334
21 75 9039
21 76 6665
21 77 7018
21 78 3730
21 79 649
21 80 2795
21 81 4395
21 82 1197
21 83 4099
21 84 2319
21 85 5454
21 86 5043
21 87 896
21 88 7887
21 89 6665
21 90 2764
21 91 2457
21 92 7774
21 93 5216
21 94 9579
21 95 9406
21 96 3237
21 97 7145
21 98 9703
21 99 6889
21 100 4166
22 23 9453
22 24 3055
22 25 895
22 26 6287
22 27 6736
22 28 6282
22 29 2947
22 30 3749
22 31 6359
22 32 9943
22 33 2891
22 34 749
22 35 1136
22 36 6985
22 37 9416
22 38 2937
22 39 8375
22 40 307
22 41 7171
22 42 5035
22 43 9418
22 44 9623
22 45 9156
22 46 4629
22 47 5549
22 48 4909
22 49 4214
22 50 9041
22 51 4607
22 52 1098
22 53 9555
22 54 4056
22 55 500
22 56 445
22 57 6690
22 58 7231
22 59 3074
22 60 9632
22 61 7327
22 62 9429
22 63 5923
22 64 213
22 65 6525
22 66 7054
22 67 3545
22 68 5936
22 69 6338
22 70 1915
22 71 2591
22 72 3504
22 73 6945
22 74 2004
22 75 9475
22 76 2449
22 77 2981
22 78 1371
22 79 7353
22 80 7190
22 81 408
22 82 8308
22 83 4635
22 84 6310
22 85 2359
22 86 5130
22 87 6750
22 88 5396
22 89 2356
22 90 6172
22 91 5023
22 92 9678
22 93 5596
22 94 7293
22 95 6238
22 96 2116
22 97 694
22 98 9778
22 99 8048
22 100 7027
23 24 8040
23 25 6986
23 26 6879
23 27 4980
23 28 8985
23 29 2701
23 30 3776
23 31 8313
23 32 4067
23 33 1125
23 34 5498
23 35 822
23 36 9428
23 37 128
23 38 7127
23 39 8134
23 40 1605
23 41 225
23 42 9877
23 43 3956
23 44 6392
23 45 1247
23 46 9981
23 47 1983
23 48 8536
23 49 2566
23 50 446
23 51 9225
23 52 8691
23 53 8489
23 54 2600
23 55 6726
23 56 1822
23 57 9474
23 58 8054
23 59 803
23 60 2170
23 61 1825
23 62 9111
23 63 2584
23 64 9297
23 65 957
23 66 3402
23 67 5072
23 68 7432
23 69 524
23 70 9553
23 71 9033
23 72 7096
23 73 9425
23 74 9336
23 75 3483
23 76 668
23 77 5665
23 78 1813
23 79 9199
23 80 8226
23 81 2255
23 82 4771
23 83 6913
23 84 7091
23 85 7366
23 86 3634
23 87 8909
23 88 3187
23 89 8035
23 90 6059
23 91 5352
23 92 9856
23 93 5165
23 94 7932
23 95 9148
23 96 2469
23 97 7681
23 98 4216
23 99 9897
23 100 4552
24 25 3764
24 26 8925
24 27 1644
24 28 9537
24 29 8256
24 30 5122
24 31 200
24 32 3916
24 33 6931
24 34 5746
24 35 8490
24 36 9181
24 37 512
24 38 1750
24 39 6267
24 40 4226
24 41 1731
24 42 1523
24 43 7408
24 44 9762
24 45 7577
24 46 2756
24 47 9613
24 48 9090
24 49 7035
24 50 5108
24 51 1554
24 52 1063
24 53 5671
24 54 1446
24 55 5610
24 56 9431
24 57 366
24 58 7249
24 59 5315
24 60 4970
24 61 8719
24 62 5510
24 63 5233
24 64 1997
24 65 7603
24 66 70
24 67 7525
24 68 8110
24 69 1815
24 70 139
24 71 2331
24 72 9894
24 73 1658
24 74 6087
24 75 9651
24 76 9230
24 77 8838
24 78 5611
24 79 8315
24 80 2220
24 81 714
24 82 9865
24 83 3278
24 84 6381
24 85 7658
24 86 5235
24 87 2159
24 88 4372
24 89 2480
24 90 3821
24 91 9337
24 92 7546
24 93 9326
24 94 917
24 95 9538
24 96 6924
24 97 983
24 98 7058
24 99 1381
24 100 9145
25 26 7192
25 27 60
25 28 9034
25 29 8845
25 30 6142
25 31 5032
25 32 4423
25 33 1327
25 34 638
25 35 2733
25 36 9894
25 37 7700
25 38 8945
25 39 9519
25 40 428
25 41 6599
25 42 4749
25 43 8934
25 44 7318
25 45 3576
25 46 2750
25 47 6650
25 48 1117
25 49 2071
25 50 3914
25 51 7002
25 52 5342
25 53 1244
25 54 4055
25 55 3070
25 56 385
25 57 7595
25 58 3125
25 59 5766
25 60 2787
25 61 5614
25 62 794
25 63 7205
25 64 6936
25 65 7779
25 66 6286
25 67 3177
25 68 5474
25 69 1578
25 70 2691
25 71 5897
25 72 4524
25 73 7436
25 74 4826
25 75 1837
25 76 7359
25 77 7571
25 78 8482
25 79 8472
25 80 5989
25 81 8744
25 82 5469
25 83 7678
25 84 9983
25 85 5872
25 86 744
25 87 6715
25 88 3462
25 89 216
25 90 2477
25 91 2596
25 92 5826
25 93 3266
25 94 9797
25 95 9109
25 96 1040
25 97 6078
25 98 2282
25 99 2862
25 100 7651
26 27 4968
26 28 8754
26 29 2171
26 30 8751
26 31 9928
26 32 4003
26 33 6106
26 34 3846
26 35 8833
26 36 925
26 37 6183
26 38 3924
26 39 2741
26 40 3856
26 41 3902
26 42 8608
26 43 947
26 44 613
26 45 8417
26 46 7511
26 47 3085
26 48 1009
26 49 9684
26 50 2698
26 51 7153
26 52 8788
26 53 85
26 54 3226
26 55 7417
26 56 2942
26 57 7224
26 58 2381
26 59 8044
26 60 5742
26 61 7479
26 62 4319
26 63 6093
26 64 3580
26 65 4512
26 66 1273
26 67 4500
26 68 690
26 69 5192
26 70 7237
26 71 894
26 72 5441
26 73 2192
26 74 8188
26 75 2401
26 76 6957
26 77 5694
26 78 1833
26 79 7961
26 80 5373
26 81 4526
26 82 5109
26 83 509
26 84 959
26 85 4682
26 86 7921
26 87 248
26 88 8253
26 89 6649
26 90 4639
26 91 343
26 92 4124
26 93 8953
26 94 6431
26 95 4051
26 96 3461
26 97 4051
26 98 4899
26 99 4146
26 100 5590
27 28 8483
27 29 1387
27 30 1026
27 31 670
27 32 9571
27 33 3423
27 34 7622
27 35 1612
27 36 5251
27 37 1930
27 38 6981
27 39 6125
27 40 3386
27 41 3837
27 42 7079
27 43 4415
27 44 1753
27 45 7322
27 46 2664
27 47 4750
27 48 1957
27 49 9354
27 50 5221
27 51 7257
27 52 5780
27 53 5619
27 54 713
27 55 6178
27 56 513
27 57 1207
27 58 1763
27 59 8991
27 60 8941
27 61 2784
27 62 6009
27 63 8507
27 64 2554
27 65 9978
27 66 115
27 67 7801
27 68 1904
27 69 3443
27 70 3921
27 71 1637
27 72 7275
27 73 7347
27 74 6048
27 75 5375
27 76 1016
27 77 5059
27 78 6472
27 79 9320
27 80 4408
27 81 1688
27 82 6573
27 83 6535
27 84 7303
27 85 3633
27 86 2708
27 87 4163
27 88 1187
27 89 818
27 90 3150
27 91 124
27 92 3597
27 93 5506
27 94 8626
27 95 6147
27 96 5479
27 97 5088
27 98 295
27 99 7378
27 100 4878
28 29 563
28 30 5363
28 31 8500
28 32 7905
28 33 1406
28 34 3871
28 35 5268
28 36 2812
28 37 6690
28 38 4584
28 39 3567
28 40 8374
28 41 7504
28 42 6449
28 43 2024
28 44 7484
28 45 5504
28 46 6182
28 47 8667
28 48 6317
28 49 5679
28 50 8786
28 51 9909
28 52 1180
28 53 3759
28 54 2403
28 55 6655
28 56 5195
28 57 9045
28 58 380
28 59 68
28 60 9603
28 61 5738
28 62 8564
28 63 3855
28 64 3491
28 65 8782
28 66 9119
28 67 2650
28 68 1819
28 69 50
28 70 6212
28 71 188
28 72 3901
28 73 2656
28 74 8559
28 75 1380
28 76 8155
28 77 1089
28 78 42
28 79 819
28 80 3115
28 81 5175
28 82 724
28 83 4291
28 84 5282
28 85 9474
28 86 7293
28 87 472
28 88 8515
28 89 4020
28 90 6887
28 91 4465
28 92 6106
28 93 5446
28 94 4668
28 95 5944
28 96 575
28 97 3782
28 98 8590
28 99 2390
28 100 179
29 30 1149
29 31 8925
29 32 4075
29 33 153
29 34 3832
29 35 1802
29 36 4655
29 37 1268
29 38 1840
29 39 5470
29 40 4378
29 41 3362
29 42 2541
29 43 8664
29 44 8639
29 45 2010
29 46 2304
29 47 5458
29 48 6872
29 49 6320
29 50 2341
29 51 7685
29 52 2421
29 53 4134
29 54 2348
29 55 8360
29 56 1057
29 57 2477
29 58 3297
29 59 3442
29 60 2651
29 61 4442
29 62 8714
29 63 3073
29 64 4590
29 65 8893
29 66 1222
29 67 5592
29 68 156
29 69 9409
29 70 1057
29 71 4530
29 72 2767
29 73 3593
29 74 9541
29 75 7753
29 76 1951
29 77 1841
29 78 3207
29 79 5170
29 80 4508
29 81 5543
29 82 2850
29 83 3276
29 84 9672
29 85 5193
29 86 1631
29 87 724
29 88 4017
29 89 1276
29 90 513
29 91 6663
29 92 2065
29 93 5575
29 94 6083
29 95 3002
29 96 4463
29 97 7301
29 98 8589
29 99 4615
29 100 3057
30 31 9642
30 32 9140
30 33 5819
30 34 9582
30 35 5028
30 36 3568
30 37 1528
30 38 6864
30 39 3122
30 40 6694
30 41 7719
30 42 8660
30 43 9539
30 44 990
30 45 4679
30 46 1080
30 47 8969
30 48 1751
30 49 5092
30 50 240
30 51 2259
30 52 8103
30 53 2300
30 54 4181
30 55 533
30 56 5297
30 57 8640
30 58 4181
30 59 3881
30 60 9602
30 61 7234
30 62 9870
30 63 5089
30 64 9400
30 65 9448
30 66 112
30 67 9315
30 68 971
30 69 3324
30 70 2432
30 71 4012
30 72 1038
30 73 1087
30 74 9899
30 75 2024
30 76 5762
30 77 974
30 78 988
30 79 7508
30 80 2413
30 81 7575
30 82 6114
30 83 6863
30 84 9870
30 85 291
30 86 3744
30 87 1514
30 88 5278
30 89 7920
30 90 1742
30 91 4875
30 92 1501
30 93 1608
30 94 9959
30 95 897
30 96 1051
30 97 66
30 98 207
30 99 8369
30 100 3385
31 32 2635
31 33 2377
31 34 4419
31 35 69
31 36 2271
31 37 2790
31 38 5826
31 39 9592
31 40 3773
31 41 9681
31 42 8352
31 43 1343
31 44 2143
31 45 5211
31 46 7560
31 47 8781
31 48 8950
31 49 9069
31 50 4054
31 51 3217
31 52 7158
31 53 8924
31 54 4714
31 55 8761
31 56 8878
31 57 1958
31 58 6159
31 59 5291
31 60 2160
31 61 4524
31 62 5024
31 63 1142
31 64 3248
31 65 5790
31 66 1207
31 67 1866
31 68 8575
31 69 7028
31 70 7805
31 71 8695
31 72 3057
31 73 6152
31 74 6385
31 75 1547
31 76 7710
31 77 3940
31 78 323
31 79 3007
31 80 9356
31 81 4372
31 82 6220
31 83 6509
31 84 3291
31 85 7281
31 86 1618
31 87 8516
31 88 9234
31 89 7772
31 90 154
31 91 7741
31 92 8643
31 93 5173
31 94 8879
31 95 8238
31 96 958
31 97 81
31 98 99
31 99 5880
31 100 3456
32 33 4251
32 34 4570
32 35 6508
32 36 399
32 37 950
32 38 8050
32 39 4456
32 40 1237
32 41 4720
32 42 7459
32 43 588
32 44 9087
32 45 26
32 46 3445
32 47 8725
32 48 3654
32 49 5058
32 50 3588
32 51 2883
32 52 9177
32 53 3738
32 54 6971
32 55 4168
32 56 5258
32 57 5845
32 58 2401
32 59 2564
32 60 5921
32 61 8848
32 62 8439
32 63 9373
32 64 3094
32 65 9357
32 66 2228
32 67 9840
32 68 6654
32 69 6626
32 70 4292
32 71 7887
32 72 1341
32 73 8098
32 74 8470
32 75 6776
32 76 4471
32 77 8262
32 78 5496
32 79 8120
32 80 9667
32 81 9080
32 82 7350
32 83 8840
32 84 9165
32 85 4316
32 86 9355
32 87 770
32 88 157
32 89 1751
32 90 3329
32 91 6073
32 92 6946
32 93 8116
32 94 1793
32 95 6388
32 96 7468
32 97 369
32 98 6223
32 99 4117
32 100 3342
33 34 6862
33 35 8351
33 36 4678
33 37 1307
33 38 3169
33 39 7801
33 40 5773
33 41 1426
33 42 3293
33 43 3888
33 44 1089
33 45 8720
33 46 1233
33 47 6276
33 48 4232
33 49 5545
33 50 5626
33 51 4997
33 52 5697
33 53 3724
33 54 8322
33 55 8117
33 56 7018
33 57 6433
33 58 6258
33 59 3401
33 60 248
33 61 2974
33 62 5971
33 63 712
33 64 6311
33 65 9181
33 66 9059
33 67 7336
33 68 483
33 69 2223
33 70 5133
33 71 6252
33 72 9996
33 73 4773
33 74 6487
33 75 1080
33 76 3488
33 77 7716
33 78 3703
33 79 7715
33 80 9608
33 81 5676
33 82 9059
33 83 1652
33 84 9396
33 85 7376
33 86 6116
33 87 2761
33 88 156
33 89 8721
33 90 6157
33 91 6751
33 92 1690
33 93 8475
33 94 3811
33 95 7996
33 96 7651
33 97 2865
33 98 1680
33 99 8130
33 100 1435
34 35 6808
34 36 729
34 37 1426
34 38 7928
34 39 7211
34 40 8854
34 41 1411
34 42 1274
34 43 2552
34 44 5473
34 45 877
34 46 8224
34 47 879
34 48 8876
34 49 3967
34 50 8251
34 51 4988
34 52 6723
34 53 4754
34 54 3704
34 55 9227
34 56 7853
34 57 5390
34 58 4049
34 59 1659
34 60 9733
34 61 1696
34 62 871
34 63 1408
34 64 6173
34 65 2301
34 66 4563
34 67 3249
34 68 74
34 69 2486
34 70 6807
34 71 8923
34 72 244
34 73 8077
34 74 7823
34 75 2064
34 76 5301
34 77 6042
34 78 2939
34 79 4173
34 80 6356
34 81 7537
34 82 5508
34 83 3074
34 84 8638
34 85 5559
34 86 8648
34 87 6486
34 88 7296
34 89 2692
34 90 8140
34 91 7025
34 92 735
34 93 9006
34 94 4780
34 95 6903
34 96 7654
34 97 5691
34 98 6499
34 99 7724
34 100 8172
35 36 3302
35 37 6642
35 38 4764
35 39 1374
35 40 4460
35 41 3175
35 42 3022
35 43 6849
35 44 6109
35 45 3542
35 46 3200
35 47 9993
35 48 9045
35 49 2621
35 50 8627
35 51 952
35 52 7616
35 53 5108
35 54 8243
35 55 304
35 56 3244
35 57 1615
35 58 7386
35 59 8597
35 60 6391
35 61 637
35 62 6247
35 63 8429
35 64 7131
35 65 3966
35 66 2948
35 67 428
35 68 6955
35 69 7707
35 70 8149
35 71 7763
35 72 878
35 73 1167
35 74 4607
35 75 3334
35 76 4704
35 77 4155
35 78 3323
35 79 97
35 80 6771
35 81 1945
35 82 1044
35 83 735
35 84 3400
35 85 5634
35 86 7386
35 87 2991
35 88 7245
35 89 4767
35 90 1584
35 91 9983
35 92 5399
35 93 4178
35 94 8407
35 95 2526
35 96 4491
35 97 1350
35 98 2949
35 99 1441
35 100 5405
36 37 7446
36 38 9199
36 39 2630
36 40 8608
36 41 154
36 42 5959
36 43 9659
36 44 4304
36 45 5629
36 46 9751
36 47 7422
36 48 3921
36 49 7142
36 50 8152
36 51 7317
36 52 2772
36 53 5533
36 54 303
36 55 12
36 56 6648
36 57 8234
36 58 9990
36 59 2042
36 60 2407
36 61 4744
36 62 4563
36 63 6893
36 64 2441
36 65 3860
36 66 4682
36 67 7841
36 68 1301
36 69 3876
36 70 466
36 71 6256
36 72 377
36 73 2773
36 74 5910
36 75 4676
36 76 8397
36 77 2009
36 78 2094
36 79 2314
36 80 9146
36 81 6593
36 82 9626
36 83 8265
36 84 8474
36 85 6276
36 86 8272
36 87 5117
36 88 4506
36 89 4609
36 90 7154
36 91 3260
36 92 5700
36 93 8065
36 94 6501
36 95 8137
36 96 8272
36 97 1178
36 98 5973
36 99 5920
36 100 1401
37 38 6435
37 39 2171
37 40 1774
37 41 9203
37 42 4428
37 43 6445
37 44 3947
37 45 6432
37 46 4886
37 47 6256
37 48 1926
37 49 7827
37 50 2229
37 51 186
37 52 6296
37 53 8501
37 54 4806
37 55 1408
37 56 9354
37 57 5762
37 58 4909
37 59 2609
37 60 1458
37 61 9321
37 62 9105
37 63 9590
37 64 7588
37 65 6630
37 66 5558
37 67 9855
37 68 8027
37 69 8340
37 70 8373
37 71 6148
37 72 3890
37 73 2797
37 74 8940
37 75 7833
37 76 5576
37 77 3822
37 78 436
37 79 3849
37 80 7996
37 81 2661
37 82 4031
37 83 639
37 84 7509
37 85 5184
37 86 8394
37 87 3210
37 88 941
37 89 3298
37 90 2166
37 91 2394
37 92 8967
37 93 1267
37 94 8331
37 95 6550
37 96 4244
37 97 3885
37 98 2753
37 99 2266
37 100 8572
38 39 1121
38 40 4761
38 41 8810
38 42 265
38 43 3697
38 44 2990
38 45 5837
38 46 3866
38 47 3421
38 48 6033
38 49 1857
38 50 2429
38 51 59
38 52 2491
38 53 9933
38 54 1590
38 55 880
38 56 3138
38 57 2527
38 58 525
38 59 5300
38 60 1268
38 61 9487
38 62 2914
38 63 9595
38 64 2385
38 65 3505
38 66 9827
38 67 5133
38 68 2119
38 69 4746
38 70 2601
38 71 6875
38 72 3551
38 73 2862
38 74 567
38 75 6536
38 76 5046
38 77 4428
38 78 6305
38 79 1074
38 80 6280
38 81 8729
38 82 7481
38 83 5118
38 84 5010
38 85 9066
38 86 2345
38 87 4495
38 88 7940
38 89 2866
38 90 9790
38 91 9204
38 92 8700
38 93 9051
38 94 5146
38 95 1080
38 96 8904
38 97 4968
38 98 2560
38 99 1018
38 100 6061
39 40 5157
39 41 7888
39 42 9608
39 43 8014
39 44 8451
39 45 2491
39 46 3055
39 47 9226
39 48 8791
39 49 476
39 50 1854
39 51 7516
39 52 7952
39 53 6967
39 54 2521
39 55 7014
39 56 9308
39 57 7011
39 58 1301
39 59 8521
39 60 3149
39 61 500
39 62 7216
39 63 8547
39 64 1993
39 65 4644
39 66 7446
39 67 6956
39 68 7199
39 69 8459
39 70 9365
39 71 2351
39 72 2695
39 73 8968
39 74 6712
39 75 7493
39 76 7806
39 77 6114
39 78 6714
39 79 6593
39 80 6586
39 81 8563
39 82 456
39 83 885
39 84 1878
39 85 9324
39 86 4246
39 87 1181
39 88 2682
39 89 5543
39 90 6049
39 91 2178
39 92 2390
39 93 3260
39 94 721
39 95 4379
39 96 4251
39 97 4514
39 98 7682
39 99 1446
39 100 9321
40 41 7042
40 42 144
40 43 2011
40 44 6005
40 45 3204
40 46 9499
40 47 3807
40 48 5665
40 49 6208
40 50 6747
40 51 8598
40 52 1119
40 53 7198
40 54 9479
40 55 2992
40 56 2869
40 57 3720
40 58 4168
40 59 5546
40 60 5610
40 61 6564
40 62 7720
40 63 7996
40 64 9819
40 65 8436
40 66 2370
40 67 4066
40 68 9297
40 69 47
40 70 1859
40 71 8613
40 72 7085
40 73 8350
40 74 619
40 75 9437
40 76 1549
40 77 113
40 78 9591
40 79 7210
40 80 2669
40 81 6333
40 82 5803
40 83 3783
40 84 9878
40 85 5277
40 86 3122
40 87 2742
40 88 5345
40 89 3637
40 90 8284
40 91 950
40 92 196
40 93 5999
40 94 8941
40 95 6362
40 96 782
40 97 1306
40 98 6775
40 99 74
40 100 1349
41 42 8629
41 43 8683
41 44 4781
41 45 6975
41 46 5649
41 47 4213
41 48 4871
41 49 2110
41 50 3800
41 51 2076
41 52 4774
41 53 128
41 54 4227
41 55 4904
41 56 6354
41 57 5851
41 58 8021
41 59 9091
41 60 1191
41 61 1653
41 62 3722
41 63 8489
41 64 8196
41 65 6068
41 66 3777
41 67 4553
41 68 6845
41 69 5079
41 70 1324
41 71 3267
41 72 2775
41 73 6300
41 74 8297
41 75 7551
41 76 9622
41 77 3941
41 78 8111
41 79 4489
41 80 6046
41 81 1906
41 82 2912
41 83 7167
41 84 8382
41 85 7134
41 86 8418
41 87 4731
41 88 2981
41 89 6434
41 90 169
41 91 519
41 92 4434
41 93 3887
41 94 9003
41 95 8977
41 96 9950
41 97 2776
41 98 3526
41 99 3143
41 100 4202
42 43 1197
42 44 6405
42 45 3324
42 46 7492
42 47 4697
42 48 7222
42 49 7110
42 50 4985
42 51 5328
42 52 7946
42 53 7379
42 54 7230
42 55 853
42 56 4541
42 57 5607
42 58 4335
42 59 2955
42 60 6685
42 61 7311
42 62 5736
42 63 6849
42 64 4177
42 65 6518
42 66 731
42 67 3176
42 68 5490
42 69 7029
42 70 2299
42 71 5363
42 72 167
42 73 2848
42 74 6555
42 75 6567
42 76 6167
42 77 395
42 78 7611
42 79 3384
42 80 3852
42 81 8943
42 82 8707
42 83 1793
42 84 6317
42 85 2284
42 86 8993
42 87 7206
42 88 4238
42 89 3323
42 90 156
42 91 918
42 92 6981
42 93 2239
42 94 4115
42 95 1154
42 96 8752
42 97 4841
42 98 677
42 99 590
42 100 1865
43 44 2971
43 45 5948
43 46 2027
43 47 5814
43 48 8851
43 49 4941
43 50 8328
43 51 9241
43 52 8899
43 53 1707
43 54 3088
43 55 7838
43 56 6761
43 57 4876
43 58 502
43 59 5393
43 60 3864
43 61 7703
43 62 9626
43 63 3535
43 64 4206
43 65 540
43 66 511
43 67 6441
43 68 4650
43 69 1660
43 70 1540
43 71 5838
43 72 2332
43 73 2125
43 74 4051
43 75 1650
43 76 4421
43 77 2425
43 78 3811
43 79 3267
43 80 3714
43 81 2134
43 82 2503
43 83 2608
43 84 188
43 85 1938
43 86 6793
43 87 3297
43 88 6809
43 89 7291
43 90 8685
43 91 7020
43 92 1341
43 93 8306
43 94 550
43 95 5543
43 96 5193
43 97 1057
43 98 8331
43 99 6190
43 100 9064
44 45 9866
44 46 2024
44 47 1392
44 48 8339
44 49 2422
44 50 9389
44 51 2755
44 52 4842
44 53 3196
44 54 2369
44 55 8551
44 56 1677
44 57 1219
44 58 7507
44 59 1861
44 60 3152
44 61 4295
44 62 1505
44 63 6308
44 64 7933
44 65 185
44 66 9675
44 67 5622
44 68 8486
44 69 6573
44 70 1160
44 71 27
44 72 3977
44 73 9486
44 74 6212
44 75 3036
44 76 5699
44 77 4583
44 78 775
44 79 4033
44 80 7000
44 81 160
44 82 3135
44 83 1838
44 84 3351
44 85 1851
44 86 6736
44 87 1375
44 88 3065
44 89 4238
44 90 3231
44 91 2564
44 92 4881
44 93 4731
44 94 5219
44 95 2809
44 96 1263
44 97 4890
44 98 8426
44 99 9745
44 100 1458
45 46 5933
45 47 6119
45 48 1782
45 49 1766
45 50 2326
45 51 4813
45 52 7461
45 53 6905
45 54 5584
45 55 7841
45 56 3900
45 57 2091
45 58 972
45 59 2085
45 60 1789
45 61 9170
45 62 8817
45 63 3159
45 64 8583
45 65 3050
45 66 2738
45 67 1142
45 68 7926
45 69 3816
45 70 2709
45 71 7083
45 72 5075
45 73 7594
45 74 1856
45 75 1167
45 76 5399
45 77 7785
45 78 7281
45 79 7176
45 80 9546
45 81 9602
45 82 8336
45 83 3354
45 84 2854
45 85 267
45 86 1191
45 87 3102
45 88 2353
45 89 8510
45 90 5182
45 91 4137
45 92 7675
45 93 346
45 94 7292
45 95 6253
45 96 9744
45 97 6377
45 98 3743
45 99 4017
45 100 188
46 47 6447
46 48 7447
46 49 5258
46 50 388
46 51 9299
46 52 6420
46 53 5782
46 54 3431
46 55 48
46 56 9305
46 57 9324
46 58 9646
46 59 3988
46 60 2674
46 61 8847
46 62 4251
46 63 212
46 64 1944
46 65 6599
46 66 8717
46 67 3474
46 68 7084
46 69 6387
46 70 167
46 71 723
46 72 8988
46 73 9906
46 74 7095
46 75 2726
46 76 3919
46 77 7278
46 78 9168
46 79 1361
46 80 8884
46 81 9551
46 82 7007
46 83 1651
46 84 1680
46 85 433
46 86 1695
46 87 7332
46 88 9753
46 89 7688
46 90 1315
46 91 8774
46 92 6530
46 93 5561
46 94 8981
46 95 4822
46 96 8508
46 97 7693
46 98 8291
46 99 5587
46 100 427
47 48 8453
47 49 6305
47 50 9410
47 51 4707
47 52 3395
47 53 2131
47 54 4973
47 55 7020
47 56 7646
47 57 2681
47 58 5899
47 59 3544
47 60 9684
47 61 7546
47 62 5219
47 63 6464
47 64 9236
47 65 8898
47 66 6212
47 67 6919
47 68 6561
47 69 1333
47 70 9796
47 71 2117
47 72 309
47 73 4613
47 74 620
47 75 4349
47 76 9251
47 77 2554
47 78 4772
47 79 4052
47 80 8854
47 81 4177
47 82 5106
47 83 8596
47 84 2656
47 85 74
47 86 5612
47 87 297
47 88 2750
47 89 7858
47 90 189
47 91 8781
47 92 5399
47 93 1755
47 94 5241
47 95 982
47 96 649
47 97 7800
47 98 4248
47 99 7205
47 100 9129
48 49 4040
48 50 5669
48 51 5785
48 52 5000
48 53 2637
48 54 130
48 55 599
48 56 5186
48 57 1249
48 58 4646
48 59 388
48 60 5421
48 61 9747
48 62 8979
48 63 4424
48 64 6168
48 65 938
48 66 1069
48 67 5265
48 68 8792
48 69 1253
48 70 4042
48 71 538
48 72 3003
48 73 5630
48 74 7868
48 75 9999
48 76 3425
48 77 2111
48 78 7199
48 79 8901
48 80 2498
48 81 9216
48 82 1034
48 83 3846
48 84 1848
48 85 1159
48 86 4440
48 87 3381
48 88 2403
48 89 9081
48 90 3764
48 91 4171
48 92 5175
48 93 9091
48 94 8591
48 95 1338
48 96 24
48 97 6007
48 98 2950
48 99 5163
48 100 7255
49 50 6987
49 51 2049
49 52 253
49 53 2612
49 54 9912
49 55 6600
49 56 2385
49 57 8370
49 58 3794
49 59 7633
49 60 7216
49 61 3005
49 62 8662
49 63 1057
49 64 1200
49 65 6168
49 66 5492
49 67 4577
49 68 4918
49 69 920
49 70 8336
49 71 5437
49 72 2442
49 73 7422
49 74 375
49 75 127
49 76 3794
49 77 6377
49 78 3072
49 79 5304
49 80 3627
49 81 55
49 82 3700
49 83 227
49 84 9014
49 85 3607
49 86 6822
49 87 1394
49 88 8325
49 89 6964
49 90 5375
49 91 5536
49 92 6316
49 93 4032
49 94 6588
49 95 7512
49 96 196
49 97 8427
49 98 2084
49 99 1461
49 100 9342
50 51 6767
50 52 6893
50 53 1779
50 54 537
50 55 7263
50 56 1901
50 57 4326
50 58 3635
50 59 1320
50 60 5977
50 61 3609
50 62 1370
50 63 9673
50 64 184
50 65 380
50 66 9627
50 67 7001
50 68 8121
50 69 7947
50 70 312
50 71 3491
50 72 9830
50 73 6624
50 74 3871
50 75 6413
50 76 4131
50 77 414
50 78 4835
50 79 2562
50 80 1870
50 81 524
50 82 9324
50 83 8759
50 84 8650
50 85 9856
50 86 2369
50 87 6898
50 88 529
50 89 6000
50 90 8214
50 91 6502
50 92 5956
50 93 5931
50 94 2522
50 95 6135
50 96 6306
50 97 2144
50 98 9484
50 99 775
50 100 87
51 52 9791
51 53 613
51 54 6264
51 55 6410
51 56 4479
51 57 2673
51 58 6888
51 59 4888
51 60 3855
51 61 9445
51 62 3106
51 63 727
51 64 5117
51 65 1860
51 66 9372
51 67 4968
51 68 4224
51 69 2618
51 70 5493
51 71 6571
51 72 827
51 73 8342
51 74 2523
51 75 6753
51 76 859
51 77 8653
51 78 9407
51 79 2998
51 80 4484
51 81 177
51 82 9432
51 83 4271
51 84 7137
51 85 5692
51 86 7028
51 87 1612
51 88 4712
51 89 3912
51 90 2847
51 91 4914
51 92 9704
51 93 5948
51 94 5636
51 95 4816
51 96 4155
51 97 1356
51 98 9780
51 99 4727
51 100 3969
52 53 1620
52 54 1293
52 55 4791
52 56 9957
52 57 163
52 58 7891
52 59 811
52 60 5164
52 61 7293
52 62 156
52 63 9643
52 64 3817
52 65 5936
52 66 3909
52 67 950
52 68 1623
52 69 7285
52 70 8909
52 71 2682
52 72 1192
52 73 8103
52 74 7591
52 75 7243
52 76 4047
52 77 3223
52 78 2055
52 79 8197
52 80 926
52 81 8182
52 82 2919
52 83 4890
52 84 6149
52 85 560
52 86 6028
52 87 6101
52 88 7070
52 89 3914
52 90 3259
52 91 2229
52 92 7555
52 93 9762
52 94 8220
52 95 7719
52 96 5693
52 97 8476
52 98 5016
52 99 3663
52 100 5756
53 54 3920
53 55 6340
53 56 3295
53 57 8371
53 58 3927
53 59 534
53 60 2413
53 61 3497
53 62 8936
53 63 6957
53 64 4418
53 65 3465
53 66 6224
53 67 5655
53 68 9609
53 69 6779
53 70 1678
53 71 2057
53 72 196
53 73 1939
53 74 1663
53 75 2421
53 76 9489
53 77 1420
53 78 6988
53 79 3556
53 80 3461
53 81 5459
53 82 8567
53 83 7119
53 84 7563
53 85 8835
53 86 3455
53 87 853
53 88 7201
53 89 3729
53 90 7734
53 91 9609
53 92 7221
53 93 3017
53 94 2913
53 95 7986
53 96 6477
53 97 9132
53 98 3636
53 99 2433
53 100 5906
54 55 1661
54 56 4485
54 57 2450
54 58 3595
54 59 2495
54 60 4866
54 61 9432
54 62 3911
54 63 8201
54 64 2983
54 65 7367
54 66 3655
54 67 7897
54 68 833
54 69 7565
54 70 6727
54 71 4283
54 72 8414
54 73 3923
54 74 8007
54 75 2495
54 76 9879
54 77 1575
54 78 5508
54 79 2788
54 80 9556
54 81 8332
54 82 1915
54 83 3187
54 84 761
54 85 4169
54 86 4843
54 87 1593
54 88 6614
54 89 4786
54 90 4084
54 91 7827
54 92 565
54 93 4342
54 94 6023
54 95 3543
54 96 1704
54 97 6025
54 98 1435
54 99 2532
54 100 3586
55 56 4510
55 57 3163
55 58 8347
55 59 8428
55 60 1165
55 61 837
55 62 4655
55 63 2736
55 64 6340
55 65 7438
55 66 8639
55 67 4668
55 68 5700
55 69 1822
55 70 1776
55 71 9864
55 72 3012
55 73 3364
55 74 2825
55 75 4145
55 76 7443
55 77 647
55 78 4705
55 79 1780
55 80 3017
55 81 4595
55 82 9831
55 83 5390
55 84 2378
55 85 8711
55 86 8971
55 87 6883
55 88 8221
55 89 7313
55 90 1658
55 91 5733
55 92 4497
55 93 6308
55 94 4816
55 95 7185
55 96 93
55 97 3451
55 98 8200
55 99 5789
55 100 1620
56 57 9971
56 58 2000
56 59 979
56 60 9682
56 61 4821
56 62 5120
56 63 7121
56 64 1815
56 65 9820
56 66 5248
56 67 4828
56 68 4411
56 69 1427
56 70 213
56 71 6784
56 72 6485
56 73 5531
56 74 14
56 75 4701
56 76 9191
56 77 1667
56 78 429
56 79 3683
56 80 7971
56 81 5241
56 82 7215
56 83 8059
56 84 5039
56 85 5410
56 86 3843
56 87 6654
56 88 1728
56 89 2191
56 90 7628
56 91 1406
56 92 7007
56 93 2743
56 94 8522
56 95 8817
56 96 8911
56 97 117
56 98 9992
56 99 9669
56 100 1539
57 58 6552
57 59 2800
57 60 8019
57 61 8430
57 62 2809
57 63 9067
57 64 7616
57 65 4471
57 66 9492
57 67 7647
57 68 8789
57 69 1080
57 70 1209
57 71 3196
57 72 6114
57 73 6615
57 74 3386
57 75 9115
57 76 8338
57 77 5572
57 78 6738
57 79 9739
57 80 2574
57 81 5829
57 82 4608
57 83 7739
57 84 4735
57 85 4721
57 86 4078
57 87 751
57 88 2607
57 89 6978
57 90 3546
57 91 6974
57 92 1755
57 93 2702
57 94 2388
57 95 9367
57 96 3520
57 97 8227
57 98 3361
57 99 2305
57 100 9302
58 59 4565
58 60 5496
58 61 1763
58 62 7527
58 63 5229
58 64 873
58 65 5861
58 66 797
58 67 3959
58 68 1947
58 69 9718
58 70 9783
58 71 2903
58 72 3804
58 73 865
58 74 3971
58 75 7878
58 76 1611
58 77 2925
58 78 1203
58 79 1504
58 80 9894
58 81 2953
58 82 4201
58 83 2278
58 84 8667
58 85 7716
58 86 6852
58 87 8375
58 88 16
58 89 6150
58 90 9288
58 91 1859
58 92 4260
58 93 6810
58 94 7084
58 95 1481
58 96 9018
58 97 4228
58 98 5435
58 99 961
58 100 3941
59 60 1565
59 61 211
59 62 7741
59 63 2425
59 64 4177
59 65 1966
59 66 383
59 67 7097
59 68 9516
59 69 1882
59 70 3339
59 71 2464
59 72 6078
59 73 1964
59 74 7479
59 75 3789
59 76 8811
59 77 5849
59 78 3801
59 79 1308
59 80 5132
59 81 2007
59 82 5564
59 83 1938
59 84 5438
59 85 7040
59 86 7303
59 87 9661
59 88 8822
59 89 4611
59 90 3598
59 91 382
59 92 4817
59 93 7686
59 94 9154
59 95 8989
59 96 9647
59 97 9532
59 98 6082
59 99 9158
59 100 1409
60 61 9416
60 62 7969
60 63 7482
60 64 1375
60 65 5443
60 66 1266
60 67 6533
60 68 7640
60 69 1414
60 70 7837
60 71 9119
60 72 9769
60 73 3396
60 74 7404
60 75 5202
60 76 6783
60 77 4703
60 78 4859
60 79 5600
60 80 9309
60 81 4804
60 82 2329
60 83 4122
60 84 2485
60 85 1478
60 86 3106
60 87 2127
60 88 1005
60 89 5535
60 90 7632
60 91 2409
60 92 1298
60 93 1948
60 94 6238
60 95 9020
60 96 3739
60 97 7499
60 98 5549
60 99 1374
60 100 5261
61 62 3381
61 63 6840
61 64 5025
61 65 3124
61 66 4240
61 67 222
61 68 9902
61 69 8938
61 70 5076
61 71 1849
61 72 4594
61 73 9875
61 74 525
61 75 8711
61 76 8707
61 77 1998
61 78 8165
61 79 7181
61 80 9350
61 81 47
61 82 1160
61 83 8106
61 84 7693
61 85 3104
61 86 4339
61 87 6708
61 88 6838
61 89 8185
61 90 8604
61 91 4559
61 92 3441
61 93 8332
61 94 1394
61 95 8461
61 96 1451
61 97 1981
61 98 5031
61 99 7700
61 100 914
62 63 6454
62 64 5896
62 65 1856
62 66 2677
62 67 6416
62 68 562
62 69 1379
62 70 4761
62 71 5074
62 72 8556
62 73 458
62 74 5117
62 75 9711
62 76 8559
62 77 2805
62 78 9162
62 79 9245
62 80 5860
62 81 2347
62 82 7426
62 83 4460
62 84 6901
62 85 7214
62 86 2787
62 87 4643
62 88 5671
62 89 586
62 90 6619
62 91 7049
62 92 8281
62 93 3881
62 94 3498
62 95 525
62 96 5732
62 97 6170
62 98 3288
62 99 2641
62 100 7545
63 64 4397
63 65 7711
63 66 2448
63 67 4850
63 68 9175
63 69 8506
63 70 9757
63 71 8327
63 72 7664
63 73 8997
63 74 4182
63 75 6
63 76 2770
63 77 4989
63 78 3255
63 79 9980
63 80 4124
63 81 7893
63 82 5646
63 83 4705
63 84 859
63 85 9042
63 86 9333
63 87 1087
63 88 2535
63 89 6205
63 90 6814
63 91 8701
63 92 9489
63 93 5803
63 94 2593
63 95 3881
63 96 9861
63 97 5036
63 98 8726
63 99 9031
63 100 3537
64 65 4830
64 66 7353
64 67 1196
64 68 3823
64 69 7882
64 70 7550
64 71 6588
64 72 9219
64 73 800
64 74 2915
64 75 3338
64 76 5040
64 77 4908
64 78 8038
64 79 5894
64 80 3945
64 81 3718
64 82 6977
64 83 6476
64 84 9919
64 85 138
64 86 5172
64 87 9403
64 88 2288
64 89 7760
64 90 9631
64 91 2144
64 92 9143
64 93 4704
64 94 7522
64 95 9027
64 96 9530
64 97 1222
64 98 219
64 99 9700
64 100 9100
65 66 4116
65 67 2635
65 68 8314
65 69 4911
65 70 5546
65 71 1647
65 72 9946
65 73 449
65 74 6032
65 75 5835
65 76 4390
65 77 6097
65 78 9159
65 79 861
65 80 6011
65 81 5645
65 82 2380
65 83 1761
65 84 7928
65 85 6487
65 86 7739
65 87 6420
65 88 1977
65 89 2439
65 90 3937
65 91 999
65 92 8316
65 93 5155
65 94 1213
65 95 8011
65 96 4250
65 97 1676
65 98 6993
65 99 8911
65 100 6582
66 67 2534
66 68 6905
66 69 6523
66 70 9331
66 71 9284
66 72 8706
66 73 3716
66 74 5376
66 75 4212
66 76 924
66 77 7735
66 78 6204
66 79 9651
66 80 5843
66 81 480
66 82 2485
66 83 3578
66 84 6895
66 85 4457
66 86 2364
66 87 827
66 88 5451
66 89 7027
66 90 5977
66 91 3012
66 92 5033
66 93 6574
66 94 4683
66 95 2021
66 96 1832
66 97 1261
66 98 903
66 99 5084
66 100 4131
67 68 229
67 69 4363
67 70 9184
67 71 292
67 72 6087
67 73 3392
67 74 7563
67 75 169
67 76 5943
67 77 7209
67 78 6007
67 79 6418
67 80 9689
67 81 5932
67 82 3308
67 83 4141
67 84 4643
67 85 483
67 86 5939
67 87 1665
67 88 2807
67 89 8946
67 90 3045
67 91 5729
67 92 3625
67 93 1414
67 94 7556
67 95 1233
67 96 2312
67 97 2636
67 98 5359
67 99 8888
67 100 3346
68 69 4539
68 70 9175
68 71 9428
68 72 4278
68 73 6733
68 74 5944
68 75 6568
68 76 289
68 77 1947
68 78 2982
68 79 9973
68 80 4226
68 81 2637
68 82 461
68 83 5217
68 84 3115
68 85 6395
68 86 6877
68 87 5918
68 88 5337
68 89 9918
68 90 1642
68 91 5309
68 92 7679
68 93 5545
68 94 6537
68 95 6338
68 96 8176
68 97 8243
68 98 5221
68 99 7870
68 100 9129
69 70 743
69 71 3645
69 72 9754
69 73 7471
69 74 9585
69 75 6318
69 76 4107
69 77 7879
69 78 9295
69 79 4075
69 80 2100
69 81 1927
69 82 883
69 83 7312
69 84 1390
69 85 3625
69 86 537
69 87 7303
69 88 5309
69 89 6802
69 90 5292
69 91 613
69 92 4476
69 93 832
69 94 7145
69 95 809
69 96 5356
69 97 1736
69 98 2377
69 99 3221
69 100 860
70 71 3115
70 72 3213
70 73 610
70 74 6933
70 75 2793
70 76 6923
70 77 1035
70 78 667
70 79 2565
70 80 1457
70 81 9115
70 82 839
70 83 2335
70 84 2774
70 85 2224
70 86 2307
70 87 3306
70 88 5874
70 89 7612
70 90 6455
70 91 1161
70 92 8220
70 93 926
70 94 8341
70 95 1713
70 96 8082
70 97 3692
70 98 3444
70 99 454
70 100 3260
71 72 651
71 73 9916
71 74 6468
71 75 1256
71 76 6844
71 77 5609
71 78 4526
71 79 7874
71 80 2623
71 81 7086
71 82 5678
71 83 8085
71 84 7921
71 85 8008
71 86 855
71 87 6492
71 88 6663
71 89 508
71 90 8714
71 91 4270
71 92 6959
71 93 9870
71 94 8837
71 95 4232
71 96 4558
71 97 6897
71 98 8662
71 99 8245
71 100 336
72 73 9111
72 74 7852
72 75 7335
72 76 5375
72 77 668
72 78 8586
72 79 2214
72 80 6272
72 81 3108
72 82 6436
72 83 5242
72 84 6541
72 85 2109
72 86 3323
72 87 809
72 88 6465
72 89 4173
72 90 7297
72 91 3123
72 92 1028
72 93 6006
72 94 7388
72 95 4334
72 96 2223
72 97 2572
72 98 8562
72 99 6777
72 100 9465
73 74 3571
73 75 1369
73 76 6148
73 77 9029
73 78 9217
73 79 3478
73 80 4399
73 81 6232
73 82 2060
73 83 6609
73 84 2499
73 85 1515
73 86 3040
73 87 4088
73 88 8051
73 89 5144
73 90 7406
73 91 8856
73 92 1604
73 93 7926
73 94 2500
73 95 1074
73 96 8950
73 97 4853
73 98 8457
73 99 9631
73 100 3423
74 75 1025
74 76 4540
74 77 195
74 78 6837
74 79 8106
74 80 7912
74 81 2980
74 82 7131
74 83 3476
74 84 6454
74 85 1525
74 86 9703
74 87 4861
74 88 4481
74 89 8549
74 90 6371
74 91 7516
74 92 2632
74 93 769
74 94 9008
74 95 34
74 96 9620
74 97 6959
74 98 7955
74 99 8467
74 100 8029
75 76 3252
75 77 3315
75 78 2833
75 79 2879
75 80 6734
75 81 3853
75 82 7414
75 83 3276
75 84 7037
75 85 1868
75 86 1183
75 87 13
75 88 8994
75 89 4654
75 90 6462
75 91 514
75 92 704
75 93 7670
75 94 1343
75 95 9248
75 96 4036
75 97 8854
75 98 1876
75 99 4800
75 100 4209
76 77 8257
76 78 768
76 79 1164
76 80 6207
76 81 9230
76 82 9188
76 83 5807
76 84 8893
76 85 2016
76 86 8681
76 87 5622
76 88 2217
76 89 2442
76 90 5245
76 91 9249
76 92 4305
76 93 6424
76 94 9257
76 95 9646
76 96 7425
76 97 2066
76 98 6508
76 99 8125
76 100 6083
77 78 7846
77 79 3720
77 80 114
77 81 6695
77 82 5591
77 83 1262
77 84 7252
77 85 3843
77 86 8377
77 87 8411
77 88 6398
77 89 3954
77 90 3946
77 91 2200
77 92 2842
77 93 5957
77 94 7228
77 95 4811
77 96 4521
77 97 6017
77 98 52
77 99 3766
77 100 6670
78 79 2823
78 80 9370
78 81 6311
78 82 243
78 83 7784
78 84 2814
78 85 4715
78 86 3862
78 87 655
78 88 8431
78 89 324
78 90 3698
78 91 4017
78 92 7933
78 93 945
78 94 4208
78 95 2657
78 96 5703
78 97 6953
78 98 6606
78 99 9644
78 100 9148
79 80 5796
79 81 5596
79 82 2723
79 83 6954
79 84 113
79 85 5087
79 86 7001
79 87 226
79 88 1752
79 89 9819
79 90 5943
79 91 8059
79 92 6410
79 93 3722
79 94 868
79 95 1120
79 96 3932
79 97 7871
79 98 9546
79 99 603
79 100 1564
80 81 9911
80 82 8531
80 83 8856
80 84 466
80 85 7535
80 86 4554
80 87 7414
80 88 4136
80 89 4193
80 90 2909
80 91 6279
80 92 6136
80 93 1979
80 94 3229
80 95 6244
80 96 7061
80 97 6577
80 98 2817
80 99 8809
80 100 6392
81 82 8756
81 83 3215
81 84 9149
81 85 8825
81 86 430
81 87 264
81 88 9104
81 89 8296
81 90 6158
81 91 9702
81 92 6207
81 93 2416
81 94 4580
81 95 5058
81 96 9229
81 97 2110
81 98 5959
81 99 6638
81 100 2594
82 83 147
82 84 5894
82 85 8868
82 86 6279
82 87 7868
82 88 8444
82 89 8870
82 90 1276
82 91 5017
82 92 8035
82 93 6432
82 94 1404
82 95 3138
82 96 9642
82 97 6900
82 98 1958
82 99 68
82 100 3511
83 84 7410
83 85 4711
83 86 9664
83 87 3459
83 88 7266
83 89 8427
83 90 8035
83 91 8671
83 92 7651
83 93 6492
83 94 4626
83 95 636
83 96 9081
83 97 4768
83 98 6525
83 99 4297
83 100 7394
84 85 740
84 86 2736
84 87 2612
84 88 2012
84 89 7748
84 90 642
84 91 8439
84 92 5499
84 93 3775
84 94 4429
84 95 2394
84 96 2080
84 97 844
84 98 5901
84 99 9485
84 100 1902
85 86 1912
85 87 2940
85 88 9163
85 89 6687
85 90 7322
85 91 7830
85 92 685
85 93 3809
85 94 2451
85 95 1317
85 96 9238
85 97 3566
85 98 4189
85 99 3530
85 100 956
86 87 1277
86 88 2613
86 89 3563
86 90 9636
86 91 6709
86 92 552
86 93 4422
86 94 2203
86 95 4322
86 96 8846
86 97 945
86 98 2749
86 99 6037
86 100 3193
87 88 2230
87 89 7935
87 90 1452
87 91 1517
87 92 3445
87 93 4486
87 94 5186
87 95 7622
87 96 5167
87 97 5342
87 98 68
87 99 2831
87 100 4575
88 89 9982
88 90 3367
88 91 4452
88 92 7285
88 93 4639
88 94 7061
88 95 7195
88 96 622
88 97 3765
88 98 7742
88 99 5040
88 100 2315
89 90 8411
89 91 233
89 92 9607
89 93 1155
89 94 2618
89 95 9147
89 96 9732
89 97 6900
89 98 595
89 99 7596
89 100 340
90 91 5076
90 92 2777
90 93 7958
90 94 6590
90 95 8115
90 96 4373
90 97 9416
90 98 9037
90 99 4350
90 100 9131
91 92 3485
91 93 7982
91 94 117
91 95 6893
91 96 5172
91 97 735
91 98 7005
91 99 9261
91 100 2122
92 93 5667
92 94 7667
92 95 8702
92 96 5270
92 97 5170
92 98 1315
92 99 4412
92 100 4897
93 94 8210
93 95 1354
93 96 8841
93 97 4898
93 98 2778
93 99 1613
93 100 2851
94 95 5715
94 96 6075
94 97 3571
94 98 5127
94 99 1460
94 100 7917
95 96 4253
95 97 4940
95 98 2246
95 99 717
95 100 8180
96 97 7414
96 98 1447
96 99 5180
96 100 6670
97 98 9916
97 99 842
97 100 685
98 99 8614
98 100 2459
99 100 5850