 14751379
 15351266
 15351265
 15351267
 17317670
 17317671
 17317672
 17317673
 48765591
 48765592
 32953808
 32953809
 14189179
 14189178
 32944475
 09591710
 10018349
 80887360
 80940954
 00868170
 17928496
 17928497
 17928498
 17928499
 17928500
 17928501
 17928502
 17928503
 17928504
 01968940
 01968941
 01968942
 01968943
 01968944
 01968945
 01968946
 01968947
 01968948
 01968949
 01968950
 01968951
 01968952
 01968953
 01968955
 01968956
 01968957
 01968958
 01968959
 01968960
 01968961
 01968962
 01968963
 01968964
 01968965
 01968966
 01968967
 01968968
 01968969
 01968970
 01968971
 01968972
 01968973
 01968974
 01968975
 01968976
 01968977
 01968978
 01968979
 01968980
 01968981
 01968982
 01968983
 01968984
 01968985
 01968986
 01968987
 01968988
 01968989
 01968990
 01968991
 01968992
 01968993
 01968994
 01968995
 01968996
 01968997
 01968998
 01968999
 01969000
 01969001
 01969002
 01969003
 01969004
 01969005
 01969006
 01969007
 01969008
 01969009
 01969010
 01969011
 01969012
 01969013
 01969014
 01969015
 01969016
 01969017
 01969018
 01969019
 01969020
 01969021
 01969022
 01969023
 81606550
 81606551
 81606552
 81606553
 81606554
 81606555
 81606556
 81606557
 81606558
 81606559
 02638682
 02638683
 02638684
 02638685
 02638686
 02638687
 02638688
 02638689
 02638690
 02638691
 02638692
 02638693
 02638694
 02638695
 02638696
 02638697
 02638698
 02638699
 02638700
 02638701
 02638702
 02638703
 02638704
 02638705
 02638706
 02638716
 02638717
 02638718
 02638719
 02638720
 02638721
 02638722
 02638723
 02638724
 02638725
 02638726
 02638727
 02638728
 02638729
 02638730
 02638731
 02638732
 02638733
 02638734
 02638735
 02638736
 02638737
 02638738
 02638869
 02638740
 02638741
 02638742
 02638743
 02638744
 02638746
 02638747
 02638748
 02638749
 02638750
 02638751
 02638752
 02638753
 02638754
 02638755
 02638756
 02638757
 02638758
 02638759
 02638760
 02638761
 02638762
 02638763
 02638764
 02638765
 02638766
 02638767
 02638768
 02638769
 02638770
 02638771
 02638772
 02638773
 16317566
 16317567
 16317569
 16317570
 16317571
 16317572
 16317573
 16317574
 16317575
 16317576
 16317577
 19020810
 19020811
 19020812
 19020813
 19020814
 19020815
 19020816
 19020817
 19020818
 19020819
 19020820
 19020821
 19020822
 19020823
 19020824
 19020825
 06103787
 06103788
 06103789
 06103790
 06103791
 06103792
 06103793
 06103794
 06103795
 06103796
 26152303
 26152304
 26152305
 26152306
 26152307
 26152308
 26152309
 26152310
 26152311
 26152312
 26152313
 26152314
 26152315
 26152316
 26152317
 26152318
 26152319
 26152320
 26152321
 26152322
 26152323
 26152324
 26152325
 26152326
 26152327
 26152328
 26152329
 26152330
 26152331
 26152332
 26152333
 26152334
 26152335
 26152336
 26152337
 26152338
 26152339
 26152340
 26152341
 26152342
 26152343
 26152344
 26152345
 26152346
 26152347
 26152349
 26152348
 26152350
 26152351
 26152352
 26152353
 26152354
 26152355
 26152356
 26152357
 26152358
 26152359
 26152360
 26152361
 26152362
 26152363
 26152364
 11884136
 11884137
 11884138
 11884139
 11884140
 11884141
 11884142
 11884143
 11884144
 11884145
 11884146
 11884147
 11884148
 11884149
 11884150
 11884151
 11884152
 11884153
 39253372
 11884154
 11884155
 39253373
 11884156
 39253375
 39253376
 39253377
 39253378
 39253379
 11884157
 39253380
 11884158
 39253382
 11884159
 39253386
 11884160
 11884161
 11884162
 44641128
 01122463
 05427687
 21773505
 21773504
 21773506
 21773507
 64001007
 67074870
 09460274
 36657011
 07912914
 11884163
 11884164
 11884165
 11884166
 11884167
 11884168
 11884169
 11884170
 11884171
 11884172
 11884173
 11884174
 11884175
 11884181
 11884185
 11884186
 11884187
 11884188
 11884189
 11884190
 11884191
 11884192
 11884193
 11884194
 11884195
 11884196
 11884197
 11884198
 11884199
 11884200
 11884201
 11884202
 92091178
 92091179
 37072722
 37072721
 37072720
 14751378
 37072718
 37072717
 37072716
 14938423
 14938422
 14938421
 14938420
 37072719
 06819107
 02464012
 92091180
 92091181
 92091182
 92091183
 92091184
 17220036
 17220035
 12577299
 38596782
 71113032
 71113031
 06103797
 25063106
 25063105
 24523973
 03887622
 03887621
 03887623
 50155225
 41341456
 00219261
 23985902
 09521867
 01966847
 00635280
 01786368
 04062204
 04062202
 04062203
 16098372
 29277709
 04072220
 04072221
 04072222
 55128581
 75967605
 01290706
 01290707
 01290708
 01290709
 01290710
 09521870
 26241908
 26241909
 09472719
 09472716
 87603544
 09472717
 09472718
 87603543
 87603545
 09513590
 09513588
 09513587
 09513589
 06252372
 06252373
 00210974
 60247621
 44706518
 44706517
 04200700
 04200699
 60247624
 60247623
 44706521
 44706520
 44706516
 60247625
 60247622
 60247620
 60247619
 38146733
 17377931
 17377932
 36279922
 36279924
 36279925
 17377933
 17377930
 13325803
 13158566
 33460440
 28804887
 28804888
 28804886
 15097615
 00230609
 29797191
 00092340
 24315164
 02638847
 02638852
 02638849
 02638854
 02638857
 81606561
 02638859
 02638861
 93138688
 93138689
 93138690
 21766907
 21766908
 93138687
 93138686
 29797192
 29797193
 24315171
 23036673
 42628378
 42628379
 14464663
 14464662
 14464661
 14464660
 14464659
 14464658
 14464657
 14464656
 14464655
 14464654
 14464653
 14464652
 14464651
 14464650
 14464649
 03885322
 07678534
 07678535
 07678536
 07678537
 06156111
 14464648
 14464647
 14464646
 14464644
 14464643
 14464642
 14464640
 14464638
 14464637
 14464636
 14464635
 14464634
 14464633
 10415570
 10415569
 10415568
 10415567
 10415566
 10415565
 10415564
 14464632
 14464631
 14464630
 27909431
 06156115
 13631486
 37273341
 37273342
 37273343
 37273344
 37273345
 37273346
 37273347
 37273350
 37273351
 37273352
 37273353
 37273354
 37273355
 37273356
 41350744
 41350745
 41350746
 00775489
 02869214
 00880997
 00880998
 00880999
 00881000
 00881001
 00880996
 00436412
 00436411
 00436410
 00436409
 00436408
 00436407
 93138691
 93138692
 93138693
 93138694
 29720904
 29720902
 29720901
 29720900
 29720899
 00880993
 00880994
 00880992
 28296539
 00880995
 00880991
 00880987
 00880990
 00880989
 00880988
 05049164
 05049163
 05049162
 05049161
 20991484
 20991485
 20991486
 20991487
 20991488
 20991489
 20991490
 20991491
 20991492
 20991493
 20991494
 20991495
 90950382
 17295756
 17295754
 44769929
 17295757
 44769930
 07293015
 07293014
 15097606
 66792245
 16317504
 16317505
 16317506
 16317507
 16317508
 16317509
 16317510
 16317511
 16317512
 16317470
 16317471
 16317472
 16317473
 16317474
 16317475
 16317476
 16317477
 16317478
 16317479
 16317480
 16317481
 16317482
 16317483
 16317484
 16317485
 16317486
 16317487
 16317488
 16317489
 16317490
 16317491
 16317492
 16317493
 16317494
 16317495
 16317496
 16317497
 16317498
 16317499
 16317500
 16317501
 16317502
 16317503
 10415572
 92106165
 92106166
 18498662
 24315172
 24315173
 24315174
 05317863
 08761225
 08761226
 11771284
 11771286
 11771287
 11771289
 42213566
 01398490
 01398492
 01398491
 92113332
 92113331
 92113333
 13260240
 07242451
 07242452
 07242455
 07242456
 07242458
 07242459
 07242460
 07242461
 07242462
 07242463
 07242464
 07242479
 07242480
 07242481
 07242482
 07242485
 07242492
 07242491
 29797194
 29797195
 05727959
 05727960
 05727961
 15692767
 22227776
 36214335
 22227980
 24315165
 24315166
 24315167
 24315168
 24315169
 24315170
 10085194
 10085195
 17871910
 10085196
 17871911
 15737321
 63564781
 63564783
 63564779
 63564780
 90789797
 11771518
 11771519
 63564785
 42213426
 42213427
 42213428
 42213429
 42213430
 42213431
 42213432
 42213433
 42213434
 42213435
 42213436
 42213437
 42213438
 42213439
 42213440
 42213441
 42213443
 42213444
 42213445
 06047784
 06047785
 06047786
 06047787
 06047788
 06047789
 06047790
 06047791
 06047792
 06047793
 06047794
 06047795
 06047796
 06047797
 06047798
 06047799
 04628175
 04628176
 04628177
 04628178
 04628179
 04628180
 04628181
 04628182
 04628183
 04628184
 04628185
 04628186
 04628187
 04628188
 04628189
 04628190
 04628191
 04628192
 04628193
 62538612
 16317537
 16317538
 16317539
 16317540
 16317541
 16317542
 16317543
 16317544
 16317545
 16317546
 16317548
 16317549
 16317550
 16317551
 16317552
 16317553
 16317555
 16317556
 16317557
 16317558
 16317559
 16317560
 16317561
 16317562
 16317563
 16317564
 16317565
 29370095
 15624205
 15624204
 15624206
 15624207
 15624208
 15624209
 15624210
 15624211
 15624212
 15624213
 15624220
 15624221
 15624222
 15624224
 15624225
 15624226
 61394396
 61394397
 61394398
 61394399
 61394400
 10993501
 10993502
 10993503
 10993504
 10993505
 10993506
 50407887
 50407888
 50407800
 50407801
 50407802
 50407803
 50407804
 50407805
 50407806
 50407807
 50407808
 50407809
 50407810
 50407811
 50407812
 50407813
 50407814
 50407815
 50407826
 50407827
 50407828
 50407829
 42213486
 42213487
 42213488
 42213489
 03412599
 03412600
 03412601
 42213490
 42213491
 39973036
 16317547
 16317554
 17588032
 92059694
 10126425
 37536590
 37536589
 33140152
 30370608
 30370609
 30370610
 30370611
 30370612
 30370613
 09330249
 47284116
 04417161
 46235078
 04106515
 00190012
 41341455
 34709950
 27420122
 21059052
 10018660
 27420047
 37381719
 71500812
 74303378
 74303379
 74303380
 87907006
 78204508
 11331642
 11331643
 11331644
 00394689
 00394690
 00394691
 00394692
 00394693
 00394694
 00394695
 00394696
 00394697
 00713852
 28821260
 28345350
 58665563
 00394683
 00806622
 60247613
 60247614
 60247612
 60247615
 60247616
 60247617
 60247618
 28093536
 28918863
 29159999
 18517749
 26033589
 26033588
 26033587
 26033586
 25350689
 25350690
 25350691
 25350692
 25350693
 18677564
 41851794
 00528194
 00528193
 00528192
 14784328
 10979411
 00371040
 41341454
 08457462
 14904259
 27341864
 27341865
 10558554
 10558553
 10558548
 42466482
 47711644
 21431109
 21431110
 21431111
 21431112
 01938658
 21431113
 21431114
 21431115
 21431116
 21431117
 10126423
 18388747
 18388749
 18388748
 18388750
 18388751
 18388752
 07798366
 16702320
 10126424
 16989513
 16989514
 03693172
 16989515
 16989516
 16989517
 16989518
 16989519
 70622601
 70622602
 00778838
 09739431
 15080257
 28648477
 03804284
 01966846
 01966845
 01966844
 01966843
 10126205
 10126206
 10126207
 03887611
 20397411
 02639049
 00695085
 07420811
 15306034
 58355737
 36860426
 18658501
 18658502
 18658993
 18658994
 14162805
 02727876
 01182585
 09358290
 01182586
 04536199
 04679154
 06495605
 84048263
 96679710
 96679709
 96679711
 02528302
 03025917
 01222582
 31575670
 63564784
 70101343
 00116297
 01631079
 78106309
 52050376
 52050377
 52050378
 01122462
 02612648
 00843643
 00843644
 00843645
 00843646
 00843647
 38420918
 32699226
 38420917
 27423671
 08885198
 19674188
 19674189
 19674190
 19674191
 07293012
 07293013
 30207253
 16118176
 16118177
 29160001
 29160000
 07635041
 07635042
 80816709
 66663132
 66663133
 66663134
 00604570
 01896438
 05277885
 40551859
 09521875
 09521876
 09521872
 00423144
 00423142
 09521873
 66663128
 66663129
 66663130
 66663131
 95908056
 07799217
 40362339
 86463764
 87603546
 87603547
 07635045
 07635046
 07635047
 07635048
 07635049
 00210976
 00210977
 00797881
 00797878
 00797877
 13785063
 01816743
 04802301
 25169604
 05725819
 05725820
 05725821
 05725822
 05725823
 05725818
 01970603
 18896873
 17132888
 41301884
 06722746
 24021004
 11480388
 06846566
 06846563
 69697803
 56898749
 56898750
 56898751
 00855652
 03081432
 19780394
 01624699
 15446901
 24082846
 24082847
 24082848
 24082849
 24523972
 21152676
 35106293
 85932476
 02174528
 02174529
 02174530
 02174532
 02174531
 02174533
 02174534
 02174535
 02174536
 02174537
 02174538
 02174539
 02174540
 02174609
 02174610
 02174611
 02174612
 05456771
 05456773
 10993507
 10993508
 10993509
 10993510
 10993511
 10993512
 10993513
 10993514
 10993515
 10993516
 10993517
 44325232
 44325233
 17202186
 17202187
 26429106
 26429107
 26429104
 26429105
 72318354
 72318355
 50407784
 50407785
 50407786
 50407787
 50407788
 50407789
 50407816
 50407817
 50407818
 50407819
 50407820
 50407821
 50407830
 50407831
 50407832
 72318360
 50407836
 50407837
 50407838
 50407839
 50407840
 50407841
 50407842
 50407843
 50407844
 50407845
 50407846
 50407847
 50407848
 50407849
 50407850
 50407851
 50407852
 50407853
 50407854
 50407855
 50407856
 03412606
 42213560
 42213561
 28443082
 28443083
 42552298
 42552299
 04628431
 04628432
 04628433
 04628434
 04628435
 04628436
 04628437
 04628438
 04628439
 04628440
 04628441
 04628442
 04628443
 41350743
 39660324
 39660325
 39660326
 07242465
 07242466
 07242467
 07242468
 07242469
 07242470
 07242471
 07242472
 07242473
 07242474
 07242486
 07242487
 07242488
 07242489
 07242490
 07242453
 07242454
 07242475
 07242476
 07242477
 07242478
 07242483
 07242484
 42213514
 42213515
 42213516
 42213517
 42213518
 42213519
 42213520
 42213521
 42213522
 42213523
 42213524
 42213525
 42213526
 42213527
 42213528
 42213529
 42213530
 42213531
 42213532
 42213533
 42213534
 70026214
 70026213
 07842832
 70026212
 07842831
 70026211
 07842830
 70026210
 70026209
 07842828
 70026208
 07842827
 26429100
 26429101
 26429102
 26429103
 10085190
 17871906
 17871907
 10085191
 17871908
 10085192
 17871909
 10415553
 10415552
 14464285
 14464284
 14464283
 25688975
 25688976
 25688977
 25688978
 25688979
 25688980
 25688981
 25688982
 25688983
 25688984
 25688985
 25688986
 08154206
 08154218
 00881020
 00881021
 00881022
 50407822
 50407823
 50407824
 50407825
 72318359
 03412597
 03412598
 42213478
 42213479
 42213480
 42213481
 42213482
 42213483
 42213484
 42213485
 15446902
 07842833
 07842829
 16932934
 16932935
 16932936
 16932937
 16932938
 16932939
 16932940
 05954295
 05954294
 05954296
 05954297
 16932941
 16932942
 05559023
 05559022
 01017330
 01017331
 05954298
 05954299
 16932944
 16932943
 30207669
 00230550
 17960693
 89536177
 11667890
 24523959
 24523960
 03398867
 29790341
 29790340
 74464174
 99159972
 30870288
 00901067
 63564782
 33766185
 33766186
 25312563
 06966061
 25312562
 06966060
 25312561
 06966059
 06966058
 25312560
 06966057
 27785451
 38619773
 19679598
 19679599
 19679601
 19679602
 19679603
 03887612
 03887613
 03887614
 03887615
 03887616
 50844357
 36704392
 01749048
 01290712
 01290711
 01749047
 07359673
 10126201
 10126202
 01290713
 01749049
 15688930
 30870287
 00901074
 29669191
 29669190
 29669192
 29669194
 29669193
 12293261
 12293260
 12293259
 12293258
 12293257
 12293255
 12293254
 14394151
 14394152
 02035097
 12293262
 12293263
 12293256
 00210679
 10018651
 44706519
 74911428
 07960960
 01970606
 01970607
 01970608
 00619407
 00067506
 06933080
 05091610
 04451388
 01427261
 07635030
 01427262
 07635031
 04807658
 04807659
 04807660
 04807661
 04807662
 04807663
 04807664
 01610674
 86156723
 03589231
 33378729
 30237034
 00635028
 14195060
 14195059
 30237035
 32909588
 23719835
 14424251
 14424252
 14424253
 14424254
 14424255
 14424256
 00945089
 00945090
 00945091
 00945092
 00945093
 00945094
 00945095
 00945096
 00945097
 00945098
 00945099
 25312559
 00595882
 00595883
 05183635
 05183636
 12625769
 07448883
 05675250
 02090386
 06722748
 08722842
 03266542
 03043552
 05566133
 04889827
 10845190
 01364115
 03974550
 36865313
 41851795
 10238691
 10238690
 08325010
 08450685
 28723716
 28723718
 22312582
 22312583
 22312584
 29081091
 55650978
 55650977
 55650976
 55650975
 55650974
 55650973
 92913023
 05319745
 23375969
 02951614
 02951617
 02951616
 39276603
 30138094
 49958792
 04545260
 13786079
 29584737
 02689191
 89428067
 39450731
 56865431
 86580621
 24082830
 06005842
 40702310
 08053675
 01182594
 01182595
 01203565
 01203566
 01203567
 00733828
 01631077
 01631078
 11771710
 11771711
 11771712
 48842049
 00023947
 22231565
 23232495
 23232493
 23232492
 23232483
 23232480
 23232478
 23232477
 23232476
 23232475
 23232472
 70026221
 07842852
 15097640
 15097642
 15097643
 15097644
 15097645
 00230359
 17202188
 63564786
 39719388
 39719389
 39719390
 39719391
 39719392
 39719393
 14465185
 14465184
 14465183
 14465182
 14465181
 14465180
 70598501
 70598502
 70598512
 70598513
 11771974
 11771975
 11771976
 11771977
 18498664
 00881005
 18498663
 00881006
 00881009
 00881010
 00881011
 00881012
 00881013
 00881014
 00881015
 00881008
 18498666
 18498667
 00881007
 02682055
 02682000
 02682002
 02682001
 36214333
 36214354
 36214353
 36214352
 42213567
 42213568
 36859677
 36859674
 36859675
 36859676
 25688963
 25688964
 25688965
 25688966
 25688967
 25688968
 25688969
 66792246
 39024533
 25688971
 66792247
 66792248
 49692994
 49692995
 49692996
 49692997
 04956863
 04956864
 02638853
 02638860
 81606560
 11770810
 11770975
 15434039
 31516635
 31516636
 31516637
 31516638
 31516639
 31516640
 31516643
 31516644
 31516645
 31516646
 31516647
 31516648
 31516632
 31516623
 31516624
 31516625
 31516626
 31516627
 31516628
 31516629
 31516630
 31516631
 31516633
 31516634
 31516649
 31516650
 31516651
 31516819
 31516642
 15434040
 11771285
 11771288
 11771290
 40123050
 09168795
 08154205
 25688959
 25688960
 06642281
 11771520
 15097567
 36268088
 26429122
 26429123
 26429124
 26429125
 26429126
 26429127
 26429128
 26429129
 26429130
 26429131
 15097607
 36214338
 36859682
 20348237
 20348240
 17202189
 66792250
 15097618
 15097620
 15097621
 15097622
 15097624
 15097625
 15097626
 15097627
 15097628
 15097629
 15434041
 02638915
 02638916
 02638919
 02638920
 02638921
 02638924
 02638925
 02638926
 02638927
 02638928
 02638929
 02638930
 02638931
 02638932
 26429111
 26429112
 26429113
 11770605
 11770811
 06846564
 06846565
 14464639
 11674814
 15097639
 15097646
 11772179
 18498665
 36859673
 36859678
 31516641
 00996314
 15097619
 11772357
 42373747
 18530226
 02638943
 36214257
 80059312
 80059314
 08176249
 08176259
 18039391
 00228963
 00228964
 00228965
 00228966
 00231235
 00228709
 00228749
 14488446
 14488447
 14488448
 14488449
 14488450
 14488451
 14488262
 32606797
 80059311
 00228743
 00228741
 00228742
 07220551
 00232877
 00232920
 00232876
 00232874
 00232875
 00018496
 02638933
 02638934
 02638935
 02638936
 02638937
 02638940
 02638942
 02638945
 02638946
 02638947
 02638950
 02638951
 02638952
 02638953
 02638956
 02638957
 02638965
 02638968
 02638969
 02638970
 02638971
 02638972
 02638973
 02638975
 02638977
 02638978
 02638979
 02638980
 02638981
 02638983
 02638984
 02638985
 02639023
 02639024
 02639025
 02639026
 02639027
 02639028
 02639029
 02639030
 02639031
 02639032
 81606566
 02638858
 20348238
 20348239
 18411209
 18411207
 37273348
 01040445
 08761216
 70026240
 07863504
 70026241
 07863505
 70026242
 07863506
 70026243
 70026244
 07863508
 70026239
 07863503
 70026238
 07863502
 11772356
 11772359
 73442332
 23028841
 23028839
 23028842
 42628380
 42628381
 42628382
 42628383
 42628384
 42628385
 42373754
 14464641
 06156112
 49693005
 80059310
 80059313
 84489409
 84489410
 84489411
 84489412
 84489413
 84489414
 12949575
 12949576
 92106170
 12949577
 12949578
 12949579
 15097652
 15097653
 14465797
 14465796
 10415654
 10415655
 14465783
 10415656
 14465784
 14465785
 14465786
 14465787
 14465789
 14465790
 14465791
 14465792
 14465793
 14465795
 15097651
 02639005
 02638982
 02638974
 78553453
 02638967
 02638966
 02638955
 02638954
 02638939
 02638923
 78553452
 02638941
 02638918
 69917462
 71027186
 22494481
 22494480
 43956692
 22494493
 70388935
 70388936
 31516622
 07863507
 24203210
 34203212
 34203209
 34203211
 34203210
 01048997
 06929055
 08446104
 25217727
 01048992
 01048993
 01048994
 01048995
 01048996
 40973473
 06763588
 18527713
 04759342
 18527714
 06383636
 34002881
 04106516
 02417295
 71500813
 00480022
 82757395
 97916991
 82757366
 02877417
 02877418
 03996141
 00233514
 05201566
 02877420
 00233515
 09270755
 00233516
 00233513
 02877416
 00233517
 02877419
 05734375
 09458250
 09458252
 29992081
 29992082
 29992079
 29992080
 53267370
 05201565
 03064440
 02628590
 54584396
 01749051
 01749050
 03928922
 22863703
 22863704
 22863705
 02594604
 02594605
 08907265
 08907266
 06319743
 12403452
 46337486
 18494588
 16871089
 18527711
 18494590
 18494589
 11952849
 42373753
 01631081
 95908058
 95908057
 01631080
 52471130
 52471129
 24238296
 65150826
 21185801
 21185800
 21185799
 45629474
 21185798
 21185797
 29992083
 50771183
 50771182
 07944333
 04540346
 04540348
 04540349
 07944335
 07944336
 07944332
 04540347
 33140157
 85932478
 35106309
 35106310
 85932477
 22622183
 43044081
 43044080
 40818574
 04305460
 04305461
 40233719
 42225984
 48849587
 47734430
 35144732
 06881721
 70612030
 47734436
 45245840
 45245837
 45245835
 45245834
 45245839
 41807430
 07853876
 40818575
 40818576
 50055988
 50055987
 87970583
 07365242
 59338998
 19903160
 97751756
 91942522
 91942523
 02851295
 28175447
 44559029
 01658452
 31489950
 07640096
 01331661
 54684854
 06933082
 12718766
 02946320
 09254270
 04456517
 18896875
 00480033
 74303377
 14556093
 11824406
 11824407
 01968396
 17787115
 17787114
 01968397
 06966064
 06966063
 06966062
 14556092
 25312564
 14556091
 18640180
 03595022
 03595023
 00117222
 91812504
 03979285
 06475037
 05463969
 87161895
 03044387
 03044390
 39621373
 39621372
 51901130
 51901131
 00727548
 00727547
 47064879
 47064878
 34885328
 34885329
 34885327
 34843123
 09562574
 30601749
 03717993
 54868648
 91379197
 81979193
 81979192
 81977634
 81977635
 81979194
 41807420
 41807419
 41807418
 41807417
 00658096
 59170860
 05403871
 05403872
 23689219
 01331157
 03206444
 06623983
 06623982
 87409914
 30138102
 33106864
 50771184
 11431721
 27532367
 11431664
 27532215
 04986782
 35106317
 85536281
 33783516
 09749093
 13134556
 13134558
 13134559
 13134560
 13134557
 02490615
 89536534
 89601253
 89601206
 89516322
 89516297
 61757612
 08580661
 08756586
 15133499
 41807414
 41807413
 16881590
 16881589
 16881588
 16881587
 29415836
 41807399
 41807400
 41807398
 41807401
 15675076
 29766599
 20562643
 23263789
 23263790
 03804291
 00423148
 04973833
 42177732
 02120776
 29746239
 29746236
 29746238
 69698129
 47457956
 08326925
 24225168
 24225169
 24225167
 52014502
 25685241
 01749045
 01749046
 03694450
 03694451
 00487822
 30297838
 01868905
 01868904
 13684033
 01868903
 30297851
 13683971
 24971121
 06708168
 13213546
 00500272
 29797094
 10126204
 29797096
 29797095
 10126203
 48006725
 07349367
 48006726
 48006727
 00500274
 00500275
 18896853
 87161896
 08672584
 76665227
 24082832
 24082834
 24082833
 24082836
 24082837
 24082838
 01182593
 01182592
 01182591
 13796012
 06306392
 06306390
 40444510
 05887206
 29277710
 29277711
 05693563
 05693562
 05693561
 50352187
 50352188
 50352189
 34337341
 34337343
 13543380
 03772496
 40279883
 03772504
 40231033
 40231034
 07161909
 39902634
 39902635
 05977156
 05020908
 29790917
 29843571
 64560284
 35106318
 85536282
 56259872
 64560283
 50771181
 50771180
 28525076
 05049758
 22773673
 11389129
 39450732
 29843572
 03772537
 00208547
 05452174
 84732620
 84732619
 84732618
 33319794
 33319795
 42044148
 87967534
 22146175
 22146174
 03038263
 03038264
 01749040
 52049290
 01634644
 02893565
 02893564
 01369233
 03229551
 85932480
 35106316
 14747788
 56259871
 40222531
 35144736
 06959269
 00218648
 33783521
 36134336
 63496699
 36134335
 36120992
 01428969
 36120991
 01798437
 18032722
 02755846
 18032718
 18032717
 18032719
 18032721
 01350738
 12077096
 10688170
 25164934
 25055580
 25055581
 03342677
 03342678
 03342676
 19209915
 13040790
 13040787
 13040786
 13040788
 13040789
 09106929
 09106928
 02186326
 00636621
 01004709
 49858223
 00283032
 01912884
 03902669
 00409475
 05589824
 50407776
 50407777
 50407778
 50407779
 25416835
 25416836
 25416837
 02987349
 02987350
 02987351
 02987352
 02987353
 02987354
 02987355
 02987356
 02987357
 02987358
 26429114
 26429115
 26429116
 26429117
 26429118
 26429119
 42213473
 42213474
 42213475
 09063906
 42213476
 42213477
 42213537
 42213538
 42213539
 42213540
 42213541
 42213542
 42213543
 42213544
 42213545
 42213546
 42213547
 42213548
 42213549
 42213550
 42213551
 42213552
 10993551
 10993552
 10993553
 10993554
 10993555
 10993556
 10993557
 10993558
 17202192
 17202193
 35550530
 15624330
 15624331
 15624332
 15624297
 15624298
 15624299
 15624301
 15624300
 30998303
 30998304
 53454726
 30998308
 30998310
 30998338
 30998339
 30998340
 53894982
 30998347
 53894983
 30998455
 30998457
 30998458
 30998460
 30998477
 30998478
 30998479
 30998480
 30998481
 30998482
 05127820
 00015857
 30998483
 30998484
 30998485
 53894986
 05127819
 30998369
 30998494
 30998495
 30998496
 30998362
 30998363
 53894987
 11693720
 11693719
 15624324
 15624325
 15624326
 15624327
 15624328
 15624329
 15624302
 15624303
 15624304
 15624305
 15624306
 15624307
 35550522
 35550523
 10739186
 17202194
 17202195
 30998449
 30998450
 30998451
 03029179
 18529088
 22146176
 22146177
 77434122
 03173423
 31119781
 31119748
 05525004
 31119715
 31119936
 31473372
 03804290
 02639048
 03078233
 00500273
 24069830
 24069831
 01965607
 04973870
 04973869
 04973867
 04973868
 00500276
 07000904
 07000905
 99159973
 13797510
 02001173
 02001172
 02626961
 02770352
 01427299
 07635053
 07635054
 01427300
 04807669
 04807668
 04807667
 04807666
 04807665
 04807670
 12785793
 00495140
 03153174
 02431390
 00925570
 00357153
 19015936
 19015935
 19015937
 19015938
 65317059
 52189548
 42373746
 20604746
 20604747
 37536594
 37536595
 98588121
 07848149
 25063132
 25063133
 25063134
 01631087
 35249435
 05380585
 37477388
 66902005
 35351143
 01040507
 40517067
 65424507
 65317058
 65424506
 65424505
 65424504
 65424503
 79029969
 22494487
 43956689
 23692896
 23692895
 23692897
 23692898
 08316831
 65686516
 70388937
 00550816
 07920351
 03887624
 03887625
 78183293
 81481688
 16750924
 80059315
 80059316
 80059317
 27341867
 75161568
 69917463
 27595668
 09458249
 13798259
 82026587
 17556558
 05127821
 01182598
 00465303
 49670385
 49670384
 52578314
 52578315
 52578316
 52578317
 52578318
 52578319
 52578320
 52578321
 52578322
 52578323
 52578324
 52578325
 52578326
 52578327
 52578328
 52578329
 52578330
 41155544
 41928726
 10834953
 01828918
 01749366
 01828919
 19876980
 19876979
 87969509
 26385530
 05291319
 05291318
 11052255
 01870824
 01182597
 00680498
 00680497
 00680496
 02153490
 13800807
 13800808
 00748976
 00147337
 02453662
 02453664
 02453663
 00147335
 00147336
 06149385
 25298545
 39524193
 29795073
 01927099
 28894713
 17470214
 09650017
 17408568
 90513108
 00726519
 35546451
 98510313
 98510314
 98510315
 74201844
 42645147
 14793928
 14793929
 14793927
 87603549
 87603550
 87603548
 16989521
 07083140
 00950161
 13799396
 87970226
 60542769
 35144733
 50771179
 21774080
 50771178
 21774081
 32954899
 32954900
 35144731
 01398210
 01398211
 29843575
 57530301
 01398212
 01398213
 00997117
 39024534
 27327810
 27327811
 27327812
 27327813
 27327814
 27327815
 27327816
 27327817
 27328704
 27328705
 27328706
 27327804
 27327805
 27327806
 27327807
 27327808
 27327809
 52050374
 52050375
 19312361
 81710892
 81710893
 81710890
 81710891
 17756432
 07696359
 07696357
 07696354
 07696355
 07696360
 07696358
 39973053
 07617790
 07617787
 24315177
 24315176
 24315178
 24315179
 24315180
 24315182
 10993537
 01392377
 01392378
 10993538
 10993539
 10993540
 10993541
 10993542
 10993543
 10993544
 10993545
 10993546
 10993547
 10993548
 10993549
 10993550
 11748519
 11748520
 11748518
 11748517
 29744503
 29744504
 09376108
 09376109
 09376110
 15097660
 15097661
 39684293
 01040557
 29720933
 17202191
 41934313
 03168558
 18939230
 52501783
 65413721
 65413716
 65413718
 65413717
 65413720
 81606565
 02639100
 02639099
 02639101
 02639102
 02639103
 02639104
 02639105
 02639106
 02639109
 02639107
 02639110
 02639111
 02639112
 02639113
 02639116
 02639117
 02639118
 02639119
 02639121
 02639122
 02639123
 02639124
 02639125
 02639126
 02639128
 02639129
 02639127
 02639130
 02639131
 15624314
 15624315
 15624316
 15624317
 15624318
 15624319
 15624320
 15624321
 15624322
 15624323
 15624334
 35550531
 35550532
 15624335
 15624336
 15624337
 15624370
 15624371
 15624372
 15624308
 15624309
 15624310
 15624311
 35550524
 35550525
 35550526
 15624312
 35550527
 35550528
 35550529
 15624313
 11773275
 11773276
 08154271
 03335568
 30998305
 30998306
 30998341
 30998342
 30998343
 53454727
 30998344
 30998368
 30998346
 30998448
 02638917
 02638948
 02638944
 02638986
 02638949
 02638938
 36214450
 11772965
 22151604
 10085208
 22151605
 10085209
 36214447
 30998452
 30998453
 30998454
 30998462
 30998463
 30998464
 30998465
 53894984
 30998466
 53894985
 30998467
 30998468
 30998469
 30998470
 30998471
 30998472
 30998473
 30998474
 30998475
 30998476
 30998489
 30998492
 30998348
 30998349
 30998350
 30998354
 30998355
 30998356
 30998357
 53894989
 53894990
 30998358
 30998359
 30998360
 30998361
 53894991
 30998364
 30998365
 30998366
 22231569
 00022100
 18037218
 27593810
 13584522
 24315181
 10739184
 22151607
 10085212
 22151608
 21504345
 38742158
 38742159
 38742160
 38742161
 38742162
 27595456
 11773449
 16732565
 16732566
 18803309
 16732564
 18803307
 39685052
 39685047
 39685053
 39685051
 39685050
 39685049
 39685048
 00762219
 00762220
 70138061
 07863534
 42628389
 42373755
 42373756
 93594541
 93594544
 93594546
 93594547
 93594545
 10085213
 22151612
 10085214
 22151613
 10085215
 22151614
 29260260
 22151615
 29260261
 22151616
 06929062
 11773620
 11773621
 11773622
 11773623
 11773624
 11773625
 11773626
 11773628
 11773629
 11773630
 11773631
 78728262
 11773627
 06929060
 06929061
 30694592
 15097677
 10739216
 01084512
 01084493
 02639153
 02639154
 00881047
 00881048
 18498673
 22378181
 00881046
 00881049
 00881043
 00881044
 02593919
 02593917
 02593918
 38343477
 38343478
 50239974
 50239973
 50239975
 38343476
 16107659
 16107661
 16107660
 02682145
 02682143
 02682142
 02682144
 02682146
 02682147
 02682148
 65413722
 65413723
 65413724
 65413725
 43923018
 43923019
 43923021
 43923020
 00775967
 28977728
 11774050
 51178404
 92106171
 99159974
 99159975
 99159976
 14793931
 14793932
 14793933
 25689027
 25689028
 25689029
 25689030
 25689031
 25689032
 66792251
 66792252
 25689033
 25689034
 25689035
 66792253
 93138695
 06641085
 06641086
 06641087
 06641088
 06641089
 06641090
 06641091
 06641092
 06641093
 06641094
 06641095
 06641096
 06641097
 06641098
 06641099
 02500634
 02500635
 02500636
 17295762
 17295761
 17295770
 17295769
 17295771
 44769931
 11773450
 36263071
 36263072
 02174512
 02174513
 02174514
 02174515
 02174516
 02174517
 02174518
 02174519
 02174520
 02174521
 02174522
 02174523
 02174524
 02174525
 02174526
 02174527
 62538625
 62538626
 42213497
 42213498
 42213499
 42213500
 42213501
 42213502
 42213503
 42213504
 42213505
 42213506
 42213507
 42213508
 42213509
 42213510
 42213511
 42213512
 42213513
 11770607
 06047886
 06047887
 06047888
 06047889
 06047890
 06047891
 06047892
 06047893
 06047894
 06047895
 06047896
 06047897
 06047898
 06047899
 06047900
 02987348
 04628411
 04628412
 04628413
 04628414
 04628415
 04628416
 04628417
 04628418
 04628419
 04628420
 04628421
 04628422
 04628423
 04628424
 04628425
 04628426
 04628427
 04628428
 04628429
 04628430
 04628444
 10415571
 44769928
 17295758
 17295759
 17295760
 15097641
 11772181
 11772182
 36214355
 25689000
 25689001
 25689002
 25689003
 25689004
 25688961
 25688962
 11772358
 11772528
 36214442
 12379171
 00232963
 00152075
 16885145
 16885144
 16885143
 16885139
 16885140
 16885141
 16885142
 16885147
 95832685
 95832684
 16885148
 16885150
 16885151
 16885152
 16885153
 09376147
 23689258
 18803308
 16732567
 14793930
 31200658
 31200647
 21185818
 21185819
 21185820
 21185821
 21185822
 21185808
 21185809
 21185810
 21185811
 21185812
 21185806
 21185807
 21185813
 21185814
 21185815
 21185816
 21185817
 24034185
 26144582
 03859716
 03859717
 26144581
 16330826
 18806851
 18806854
 18806856
 18806857
 33460442
 09150984
 09150985
 09150986
 09150988
 09150989
 09150990
 09249239
 25416834
 23072976
 09010363
 03043871
 21034201
 21034202
 10834954
 58378926
 28610182
 33405434
 07115964
 07115966
 07115965
 28022627
 00937213
 38113872
 09088947
 15642397
 01665672
 01356947
 01168282
 37536614
 37536617
 37536618
 37536616
 37536615
 19035954
 12446272
 39592248
 14369559
 07364690
 07112445
 64075563
 48171449
 07912936
 46062301
 46062302
 37536613
 08646499
 19015939
 13802403
 10177854
 19015940
 19015941
 29124178
 28525093
 06846568
 13861250
 13861248
 68349398
 29124180
 60430343
 50923037
 28093767
 27732059
 29057589
 02120735
 64001008
 67074883
 67074884
 13800042
 16885764
 00148962
 00148963
 04356208
 03060271
 01424501
 01424500
 00162789
 08690867
 16437776
 06575942
 06466349
 23451023
 15598008
 02731818
 01382180
 06870823
 41352282
 05659054
 02731819
 03038272
 00175230
 00729222
 00729223
 00729224
 00175227
 00175228
 00175229
 05074030
 05009511
 05009338
 02749529
 41400624
 02749514
 02749515
 24766738
 00162797
 13588882
 00162796
 13588881
 00547503
 01382181
 01424502
 03060274
 04121863
 18939243
 28525127
 16822750
 23889789
 11481712
 08901043
 30418668
 24199082
 28775465
 28775466
 28775467
 28775749
 29178383
 10911791
 96061003
 00560853
 29178384
 00560854
 29178385
 41312193
 09663904
 04072254
 29277713
 04072255
 04072256
 34337345
 15765688
 34337344
 29178382
 04179498
 04179494
 10777313
 10777314
 10777315
 10777316
 10777317
 10777318
 10777319
 10777320
 10777321
 05531318
 05531320
 05531319
 03078279
 03078280
 03078281
 03078282
 03078283
 02864376
 19429507
 02864375
 40166692
 01634658
 01634657
 21152680
 01634656
 01634655
 01634653
 35106325
 01634654
 00024816
 85536283
 09836033
 16582522
 16582523
 16582524
 16582525
 28595150
 28595152
 28595153
 08907106
 08907107
 10861411
 09032202
 39708713
 03055074
 03674009
 07920352
 19132376
 02122872
 10913321
 21152681
 35106326
 85536284
 01631095
 33140181
 40891305
 13861247
 41942073
 03772564
 29124177
 44795185
 43018997
 43375631
 35956540
 93594543
 93594542
 93594548
 68260350
 37251888
 37251889
 37251890
 72269156
 72269157
 13801536
 60961921
 08470615
 03717996
 02186330
 13795475
 04984346
 02569237
 49584176
 01059909
 06093816
 00162714
 00210998
 00162713
 00162715
 00210999
 00211000
 00619411
 08970399
 22214910
 22214908
 47064888
 47064889
 47064890
 01797895
 01797894
 01797896
 01797906
 01797907
 01797908
 10412834
 48557445
 02111841
 02111838
 25424156
 06878154
 06878038
 06878039
 06878155
 06878032
 27520092
 06878033
 15945526
 15945527
 15945530
 15945531
 35822278
 35822279
 35831152
 38179680
 38179681
 29124179
 04005699
 13861249
 43923015
 37536596
 37536597
 37536598
 37536599
 37536600
 37536601
 37536602
 37536603
 37536604
 37536605
 20116734
 20116735
 20116736
 20116737
 20116738
 00094844
 00094840
 00094841
 00210993
 00210994
 03054990
 02088770
 02088769
 03335559
 04777635
 03586740
 01040506
 00925557
 31394840
 53829843
 83766170
 83766166
 83766169
 83766168
 83766167
 16885765
 16885766
 16885767
 16885768
 16885769
 00116716
 78106433
 81079065
 24936026
 24936027
 13801816
 11824415
 02417298
 84048323
 96682082
 96681972
 96681971
 96681976
 74201846
 87968005
 67073365
 87090688
 04691348
 04691392
 04691350
 02877415
 05081954
 25426762
 94785926
 14472367
 30870279
 25582995
 31990137
 31200656
 00154882
 00735186
 00733829
 00733830
 00733831
 00733832
 00733833
 00733834
 00733835
 01049003
 00154880
 00154881
 00154876
 00154877
 00154878
 00154879
 04536200
 04536201
 04536203
 04536204
 04536205
 04536206
 04536202
 00733839
 00733840
 00733837
 00733838
 00733836
 00735187
 35550534
 15624359
 15624360
 15624361
 15624362
 15624363
 30998459
 30998461
 30998490
 30998491
 53894988
 30998351
 30998352
 30998353
 10415718
 10415719
 14506756
 14506757
 14506758
 03412605
 42213553
 42213554
 42213555
 02987420
 02987421
 36214449
 36859681
 36859680
 36859679
 36859685
 36859686
 15713863
 15713864
 36214463
 36214464
 23931026
 08154314
 08154315
 08154316
 08154319
 08154320
 08154321
 03169007
 03169008
 02987418
 11774385
 11774388
 02987419
 13372570
 08469937
 15624269
 15624270
 15624271
 15624272
 15624273
 15624274
 15624275
 15624277
 15624278
 15624279
 15624280
 15624281
 15624282
 15624294
 15624381
 15624382
 15624386
 15624387
 15624388
 15624389
 15624339
 15624340
 15624341
 15624342
 15624343
 15624344
 15624345
 15624346
 15624348
 15624349
 15624350
 15624351
 07424672
 35550536
 15624376
 15624377
 15624378
 15624380
 00232915
 36265452
 32699265
 01161045
 01161044
 09330250
 09307742
 19035955
 01017336
 33140159
 48150811
 25773800
 03992248
 26085114
 26085115
 26085117
 26085118
 26085116
 49593224
 05050552
 16012811
 12260453
 22146191
 00367794
 22146192
 76444489
 21152682
 11394879
 09723535
 60542770
 06623984
 29354242
 29354243
 29354241
 15935690
 14705232
 59170861
 67073364
 13796591
 52471133
 71587693
 11926483
 11926482
 60230647
 43017880
 79029972
 79029973
 22494494
 22494488
 46065516
 11757106
 40656045
 11757115
 11757116
 11757118
 08885199
 37483767
 11757102
 11757096
 06846570
 20597508
 06846569
 19312370
 41301888
 41301889
 37178169
 37178154
 97751757
 27327818
 27327819
 27327820
 27327821
 27327822
 03173424
 14751400
 14751399
 63564789
 28132112
 28132113
 28132114
 28132115
 28132116
 28132117
 28132118
 28132119
 28132120
 99159977
 11030250
 10115225
 16184763
 10908666
 40857505
 14524222
 34887046
 45855021
 45734172
 00661741
 08864547
 09620261
 01172810
 02127552
 01466677
 15126960
 02481534
 04770167
 04770166
 04770165
 63478537
 10861410
 26561618
 26561649
 40087202
 06760535
 06669510
 00901041
 00901042
 16330827
 35860761
 35860762
 35860763
 35860764
 35860765
 35860766
 35860767
 35860768
 35860769
 35860770
 35860771
 35860772
 35860760
 27456566
 37178611
 35056975
 35056973
 35056972
 35056971
 03317833
 03317832
 31699377
 20400172
 20400173
 05198760
 33866267
 09691796
 05198761
 52716273
 85572206
 12564074
 12564075
 23072965
 23072967
 23072972
 23072969
 23072971
 23072973
 23072968
 23072970
 23072966
 06966065
 06966093
 25312565
 02680385
 11028536
 24077985
 45844398
 26461782
 03783619
 02680386
 02680387
 03142414
 01665630
 02653259
 02755847
 60230649
 60230650
 09620263
 09620260
 01610680
 12564076
 33866271
 27779732
 27779733
 24333374
 24333375
 24333376
 24333377
 24333378
 32699270
 05904551
 05929278
 19015942
 19015943
 93594550
 93594549
 06320479
 60365363
 60640705
 30870292
 17893233
 17893234
 24082831
 24082839
 24082835
 24082840
 04536207
 01379100
 87965451
 28443239
 13794965
 13799653
 87965593
 08698605
 08091120
 06805256
 05183638
 05183637
 19760504
 24086971
 24086972
 68072476
 35106328
 52471132
 52471131
 29160004
 29160005
 08033335
 85536285
 08033336
 35106329
 08033337
 08033338
 85536286
 05917887
 05917885
 05917886
 05917888
 67815881
 67815880
 67815879
 39465750
 16359299
 16359300
 35822276
 35822277
 04697788
 07635059
 07635060
 00210997
 04200701
 04200702
 33670470
 15126959
 10861412
 03078362
 36704391
 36704390
 03352853
 47425918
 29501343
 00035779
 00347648
 08767871
 25954711
 01145061
 02864045
 19086676
 01977319
 40276004
 40276005
 40276006
 40276007
 40276008
 40276009
 38689329
 27785453
 06789324
 02680391
 00550828
 00550827
 01966855
 01966854
 01966853
 01966852
 00500277
 07133762
 02683985
 04179490
 04179491
 04179492
 04179495
 04179496
 04179497
 01745823
 20397415
 20397414
 20397413
 02120965
 10861409
 29835867
 04363342
 58495446
 58495447
 21185802
 36104941
 36104942
 36104940
 21185803
 36104939
 36104938
 21185804
 21185805
 17408751
 17408750
 17408749
 90330055
 24619711
 19903166
 15559315
 19903165
 15559316
 30521937
 19028116
 12056527
 16768346
 02316086
 88334276
 09750476
 02689253
 89428068
 95908064
 39465749
 95908063
 10225758
 18427389
 18427386
 18427387
 18427388
 03533662
 09700769
 09700770
 09700771
 02281256
 02281257
 09622126
 09622125
 09620259
 22629564
 40864298
 40864297
 71500814
 00873528
 00873530
 00873529
 87970097
 72269159
 14556132
 14556130
 14556131
 01968404
 01968405
 86642055
 22214909
 01108548
 15582719
 15582715
 15582718
 02658274
 02658275
 02658276
 06878151
 06878031
 15945523
 15945524
 15945529
 35329626
 07058411
 07058410
 07058409
 07058414
 07058412
 07058413
 62655683
 62655682
 62655684
 29160006
 30198268
 00078727
 02639278
 00619970
 15713278
 43441751
 11947291
 11947292
 74303376
 04107115
 12782392
 58438142
 58438143
 01968400
 01968401
 13989325
 13989324
 04869434
 30166052
 04691433
 04691432
 04691434
 14556127
 14556128
 14556126
 14556125
 14556123
 14556124
 38086858
 10558571
 10558578
 10558577
 80059326
 64795138
 64795139
 17562651
 29836787
 15789519
 67439973
 67439974
 63826820
 00895158
 13802187
 06878034
 06878152
 06878036
 06878153
 31395356
 03441682
 03441683
 03441684
 03441686
 40279904
 41948715
 10772376
 41948713
 41948714
 03772590
 03772588
 09942042
 21411556
 20816734
 20816733
 43584785
 43584786
 43584787
 07032160
 48171340
 23359305
 23359306
 23587974
 04438422
 04438420
 04438419
 04438421
 13590706
 06252467
 26241919
 26241918
 45234814
 03653817
 34002888
 20445539
 20445540
 06320477
 88334269
 06959321
 42143434
 40222564
 24817801
 06320483
 09086959
 14347759
 14347758
 37536619
 28844115
 37536620
 06320481
 15598009
 23451024
 06870817
 01382179
 03685140
 08787429
 08787430
 08787431
 08787432
 10190015
 97650324
 97650323
 97650322
 08593008
 06320482
 25169618
 25169619
 25169620
 25169621
 25169622
 25169623
 11365708
 00528196
 00528201
 00528202
 00528203
 18677609
 25350711
 25350716
 25350714
 25350715
 25350713
 25350712
 25350717
 08390673
 48914699
 87971394
 09357690
 00748975
 01641779
 01641781
 01641780
 20791632
 38113873
 15604570
 11491500
 11491498
 47134383
 19429508
 42143443
 42143433
 17562653
 17562654
 17562655
 17562656
 17562657
 04828468
 17365617
 04828467
 00154903
 00154904
 00154905
 00154906
 00154907
 00154908
 13238031
 03377823
 31583508
 97060202
 31583509
 97060203
 31583510
 31583511
 31583512
 24018475
 24018476
 22422506
 22422505
 18271182
 18271181
 42443003
 42443008
 17431684
 17431685
 43190229
 53426949
 30220144
 10139408
 07853869
 29160008
 14447598
 10358786
 35927585
 66956057
 41350581
 37072725
 37072724
 37072723
 42466487
 65840742
 43923016
 43923017
 52219943
 52219944
 11941021
 40269677
 40226036
 05699609
 05699608
 27732058
 37536606
 37536607
 37536608
 37536609
 31865081
 26062257
 31865083
 31865082
 37536610
 37536611
 37536612
 49690450
 66262956
 28267954
 37918643
 40702312
 06623144
 00664076
 00664077
 06620237
 06620238
 06620239
 06620240
 33766187
 21431118
 38086859
 21431119
 87097012
 21431120
 21431121
 21431122
 21431123
 21431124
 21431125
 21431126
 21431127
 26446299
 24069866
 24069865
 11481708
 39719387
 39719394
 14629927
 14629928
 14629929
 39719425
 18896854
 12097083
 13795661
 01855741
 01855742
 07248107
 51409643
 41301887
 41301885
 41301886
 22765989
 22765990
 15728761
 15728759
 15728760
 00937222
 00937223
 29766605
 40335858
 25312585
 06966110
 25312584
 06966109
 25312583
 06966108
 25312582
 06966107
 25312581
 06966106
 00154910
 00945239
 00945240
 00945241
 00945242
 00945243
 00945244
 00945245
 00945246
 00945247
 00945248
 23719883
 23719884
 23719885
 23719886
 23719887
 23719888
 23719889
 75701777
 00157168
 01250652
 61690892
 97950476
 12577306
 06134483
 06819210
 02464032
 06383639
 06170492
 11129764
 15306048
 36860428
 90114631
 11129765
 01161043
 22543523
 23146244
 23146248
 79029970
 41226004
 41226003
 41226002
 28894725
 28894723
 28894724
 22414059
 47999292
 01951603
 57639244
 61397023
 10917894
 31060866
 05277892
 22148858
 52238720
 34791177
 23866594
 23866593
 23866592
 02855039
 54040913