33828544
09817792
19951008
49820433
49820436
49820434
29002552
49820429
49820432
89030506
15314610
49475292
28301522
20957018
28301528
10217923
28301527
2882172
2882175
1639482
9329380
49820431
2882178
1475882
7654710
20957031
76386064
49820430
788553
49475293
788354
15314613
788361
51384127
17035756
49820435
15314612
39470629
15314611
15314614
27814046
36181204
8440218
5259155
5259156
2882173
2882174
1475884
69817235
76386051
69817233
69817237
1475883
24507516
1475885
2263408
24474698
69817234
69817232
69817231
69817236
19185358
2263407
28301520
28301529
28301521
37158390
30213442
46723313
46723312
10565859
28246229
140014
365
28246231
40598486
40598483
140013
363
40598484
28246232
40598485
364
28246230
2504592
9074067
11032
11035
11034
11033
30230298
7636026
11031
56294200
7636025
8751748
7636024
8751747
7636023
7636008
7636015
7636021
7636016
56294201
49918713
49918709
7636019
7636027
49918712
49918714
49918710
7636020
7636022
7636017
7636013
76319184
7636052
7636018
49918711
93410991
7636050
93410988
7636010
93410986
21401788
93410989
8751739
11036
7656956
60286226
7636048
76319185
7636011
93410990
7636049
41706648
7636051
93410943
93410987
93410992
93410942
7636047
93410985
93410984
17353526
21401798
58473050
77809033
89744025
21401799
21401797
8751742
89744026
70745294
70745295
16999773
76385995
74502584
58473049
27359277
74502583
27359278
11038
11037
402815
5020987
5020989
5020988
84569231
98769781
24983896
98769780
98769779
24983898
11213792
11213793
67714792
11213790
8345612
5432937
262948
627417
92530109
91854771
92530106
92530110
92530108
91854770
41399126
91854769
92530107
70010647
262947
1877173
72362057
41399119
70010650
69816989
340037
7287642
262943
7287641
72362059
89434757
89434713
89434584
89434540
89434411
89434714
91255942
89434556
41399121
98674643
89383274
16105216
77389775
89434546
32879789
43190393
89432859
18902262
75188872
89432974
89432724
7448476
368308
368307
368305
52042946
52042949
52042947
368306
52042948
7448475
1534798
46592999
1534800
1877199
1534793
73987015
1534795
12349136
1534799
183645
8345611
1534794
32641392
10403298
10403274
10403254
10403295
10403315
10403326
10403311
6820037
16631121
706613
1534796
1534797
2806221
706614
1534895
11353508
29312378
70674593
59087916
92025458
22817287
59087915
92532871
92532872
92025460
92025464
92025459
92025462
25528353
25528352
70674594
59091570
59091567
59091568
59087914
59091569
35179876
35179875
59091571
16783709
16783706
16783708
16783704
26784316
27361741
16783707
16783702
16783700
16783703
27361740
75188836
70674592
70674591
7677578
67668819
16783705
16783701
27313055
7677577
6383010
5700899
11061677
10403317
10403316
6383011
10403294
10403296
7040239
27604717
54133
10403312
10403327
10403301
10403300
7040240
10403299
34487372
10403262
10403252
10403293
10403310
44077884
10403313
10403251
10403297
10403314
10403135
10403134
10403253
73986970
73986972
73986965
73986969
73986971
73986964
31200840
73986968
22959833
8674102
20956858
70010577
98769261
13213177
13213174
13213178
8674104
8674105
41591695
98769260
70010576
41652932
26784341
645369
13213173
8674100
13213176
76385683
8674101
645370
8674099
67515202
13066720
75161840
98769262
13213175
13213179
76385682
49918471
49918472
13066719
8674103
75161839
98769258
98769264
54949313
38625122
95207784
95207782
95207783
98769259
98769263
12011299
12011297
1453296
1172379
1511864
33534436
29442120
29442124
29442121
2942542
29442123
29442119
6324351
12200991
2942541
89743877
9455420
99356345
78510738
76211971
49918329
89743878
76321780
9455421
38625121
76321781
13213146
76211970
7654639
9455422
99478240
32935433
79692686
78510739
76385062
9455419
32935434
9455418
19447384
76211969
18902255
99356344
32935436
13213147
7654638
13213145
79692685
13213148
76385061
42491381
21156002
99390370
99356341
645364
26795855
7868575
79692683
26795856
89171421
32935435
89171422
89171420
54949314
37386415
1465808
2991950
30583943
30583941
2992104
18176200
30583996
2991947
30583995
10738349
6453122
6453123
787960
2992099
2992101
2992103
6952701
1453297
2991951
2992102
2991948
2992100
1465809
24527967
8345559
8345563
2502554
29102538
2991946
2992098
1172380
2991949
2991952
1172378
25584215
12011298
787959
1307749
8345562
6050716
1113067
5758286
2919499
1113077
14094964
1113075
1113079
3095476
1113080
1113060
1113062
1113078
1113076
2688195
1113057
1113074
1113056
3095477
1113065
1113058
1113055
1113059
1113063
3095427
1113064
1113036
1113035
1113061
1113054
1113066
1511866
1511706
1511871
1512029
1511846
1511865
1511873
1511872
1511569
1511849
1511854
1511850
1511847
1511788
1511787
1511437
1511386
1511546
1511567
1511388
28009149
1511848
1511700
1511702
17035755
55169466
19233574
19233575
19233577
19233576
19233573
19233571
19233572
29290581
29290582
29290584
29290585
29290583
26784301
89882
20698116
3017932
26784300
92524332
92524333
49918187
22037681
26784302
2991955
20165221
2991954
2991957
82047743
41638762
3635895
19185357
41652831
26784298
41638764
33608192
26784296
49918188
32935256
49918190
49918186
26784297
26784299
49918189
55887389
3635900
41638720
41638664
82883475
82883476
33608191
47942620
2991943
2991941
2991942
2991944
70744819
82047742
2991956
1434640
26784295
47942619
87669872
26795820
38072918
87669871
32935255
38072919
26795818
5903317
5903316
5903315
696029
79922506
22770016
96079625
96079630
696026
696030
26784317
696027
696028
8001860
8001861
7677552
1429936
96079624
96079628
96079623
22770014
696035
8001858
96079629
22770015
96079626
22770012
7448429
7448428
22770017
22770011
22770013
36121558
96079627
8001856
1429937
8001857
788552
8001859
13594294
17581868
5003762
4982137
4982140
4982145
4982139
4982143
4982146
5003763
4982142
4982138
4982144
4982141
5003765
4982147
229443
229444
229442
229441
23756
23754
23759
15807654
15032015
788507
302220
466481
466477
466482
706611
466480
302204
706610
302208
302219
302221
45576278
302217
302213
302215
302196
302207
302205
466479
302223
886601
466478
886599
886600
886602
886598
302199
886597
302216
302202
302209
302198
302214
302190
302197
302165
302210
302211
302212
302222
302201
302218
96820963
302200
302203
302206
302166
302189
22430479
22430478
788506
3354911
2502532
1172373
23863
11628439
1439152
11628438
9489437
17241931
183593
627397
96820964
627396
2502531
11628440
11628437
11628436
10759124
14327742
3295033
3295032
3295031
3295028
3295030
3295029
19185354
16631120
19447381
19185355
19447380
7498594
19185356
19447377
7498590
19185353
19447382
7498587
19447383
19447379
7687725
16631119
7498591
7498588
7498593
19447378
7498592
7498589
10217706
59091283
87938712
38625114
63234275
8445312
38625116
38625118
59091282
8445311
75914603
98767258
38625117
38625115
38625113
98767330
98767259
8445315
8445317
8445314
8445313
88763419
8445316
15032014
13989386
13989387
7687208
38905871
70755401
38905870
20956481
9074056
9074053
9074055
47997143
9074054
9074051
9074052
9074050
9187947
9187950
20956503
9187948
696034
13007209
23132211
20956582
91255933
20956462
22145268
20956583
9187949
26784310
3269255
13481763
616855
1014420
30583889
25910931
30583911
13481705
1507999
17581869
20404
13952624
17808111
14327743
14327741
92530055
790275
7654505
7654504
7868576
92530056
98766656
92530057
56293976
56293977
42491365
7654503
6247769
790274
790276
15807656
17503280
88327149
11639323
22817259
44989594
98766657
88977212
22817258
98766658
6854018
98766655
6854022
22817257
98766654
6854021
6854019
6854020
36053842
15580973
17035753
19185350
12885219
17035754
10192914
17035752
4716067
1032314
1391333
4716068
502117
1032315
2914641
4716071
2914642
1032316
33729885
19185349
16490395
12885217
1032313
280088
4716066
4716070
4716072
280087
6625399
12349134
19185351
10759123
3892650
577520
577521
3892649
1846876
3892648
28866931
1734775
1734774
15735546
15735545
15735547
25707047
15735549
15735548
8641618
349171
349168
349170
349167
349172
349173
349165
349169
349166
36121556
157929
3202967
36121557
3202955
3202956
3202966
13594290
13594289
3202950
157932
3202951
3202962
3202958
3202965
3202957
3202959
3202952
3202953
3202964
788505
3202963
3202961
3202960
157926
157913
49917673
49917670
1434526
20956350
656185
92287442
92287445
92287443
92287446
92287444
31665674
92723477
49917672
49680308
483416
93020148
49917671
483415
70272100
49680272
656187
92723483
20956351
414301
49917669
55169460
92723487
92723490
55169467
483414
414270
483413
414298
31665673
55169470
55169468
55169459
55169469
79372760
6050717
79372761
79372759
79372762
79372763
33729888
33729889
72613658
19973957
19973958
19973956
19973959
96079532
1466048
686611
1466046
1466045
2619692
2619691
1466044
30765470
1466047
686619
25311682
1466042
2619681
5132342
1928688
1928687
7161446
5132344
5132343
5132345
7161448
5132347
1131965
7161445
7161447
5132346
1131963
1131964
9768222
9768219
96124916
32471566
26784282
24336420
24336211
13006975
24336412
32471567
92025174
10188194
32471570
48172670
32471568
24336210
1736914
24336505
24336112
79761170
32471569
70744822
24336169
96124918
74502510
1736913
24336417
74502511
79786626
31782306
3856988
92995956
31665556
67259251
31782305
92995955
87669745
3605986
3605987
79372799
9931927
79372798
79372797
274771
18520302
7444137
79372755
15497628
18520300
76384883
9299121
18520299
76384880
6262785
76384881
10188719
18520301
18520303
21715535
21715534
79372754
18520298
7025911
515140
18520304
76384884
21715533
79372756
79372758
79372757
274772
274773
85951426
6125048
11472535
11472537
11472536
6125049
91887431
7699068
76384875
76319107
473564
70568913
91887430
7654391
73986984
91887429
31200853
76384874
8354689
8354690
70568914
7701930
41296897
65492620
41296896
41296894
63397086
26784270
79372753
1307743
9310359
49917056
70568912
41296898
96079533
96079540
70568915
473565
96079541
96079538
96079539
96079534
17353415
96079537
63397084
76319108
63397085
96079531
30090959
30090961
97363110
30090960
54308389
89498445
32934920
97363109
3947864
1709751
50075730
50075729
2412104
34390333
7257584
1143709
7257588
30474375
30474373
7257586
30474376
1143713
1143711
1143712
7257587
7257582
7257585
30474372
7257589
30474374
7257578
1143710
7257581
7257579
7257580
7257577
7257583
41591704
41591703
852450
852449
69815591
38625112
72361668
38725561
91974786
91974787
89498443
67259227
69815589
69815586
31665361
24741893
69815590
97321611
59020317
98765241
69815587
97321610
69815594
97085558
69815593
89498444
98765240
41399073
21155744
69815588
69815592
69815585
98765239
21155743
17241916
35210881
35210880
20739936
4005775
4005774
6453070
6453032
6453046
38043443
4948818
627368
20862298
627369
6453068
38043442
6453031
4948819
9489434
20862301
20862299
20862300
16437821
627367
20862297
20862296
37509602
24582152
9454953
93011043
353044
47942385
20956302
353045
869930
7676396
869929
7635470
7676350
70272090
7635476
70272089
353046
9454954
353043
7635477
19973529
9454945
353047
7676352
38625104
7635475
19973528
67824710
7635471
7635472
7635478
7635474
79786763
7635473
1961259
41399071
9454943
19973525
89498407
9454944
9454946
32934524
19973524
1961260
1961257
30107780
89498410
89498408
93011077
38625103
19973527
1961258
1827628
11061676
20739939
20739935
1827630
11061675
1827631
9842816
1827629
42398589
1205701
1205700
20739940
20739937
20739938
11061674
17353470
1217902
76319082
17353471
7390040
7390041
64184656
19233516
41638568
5454918
93407909
76319081
3730643
75188144
26784244
20956287
89432512
49916868
30772555
7654313
47942341
89434325
49916871
3730642
3730641
89432430
7654312
49916867
7390042
30772554
93407910
7654310
7676329
73847270
93407907
33607775
41352880
49916869
88636731
89432531
89432348
32934827
5454922
19233515
41638569
93407908
93407914
93407915
32934826
19233427
79786587
93407913
93407911
81890263
93407912
88636620
49916870
79786586
7654311
89432413
89432426
32934828
89434314
5352332
3552603
3552609
3552606
3552605
5352333
3552608
3552604
3552607
3552602
3907239
3907238
14112319
14112320
14112318
40647595
9187936
2991792
183588
9187939
706604
706602
2991785
183587
2991784
2991789
2991791
2991788
706603
13767243
2991786
627349
9187940
8345537
9768220
50075731
627350
9187937
51307
49475286
2991790
2991787
21543621
51306
627348
28829397
1631754
2412073
227534
37431116
20862375
24983681
20956093
20956094
82991076
31665161
95207520
18519897
31664058
79691634
31664057
14287658
79786199
95207521
19760936
31664059
31795582
18519883
70744636
7913690
79786216
18519884
18519898
31664064
31795584
70744632
31664060
89743166
31664062
31664065
70744637
19760938
31664063
31665174
31664061
31795583
20956040
22663270
82991075
98763165
89743167
31664056
95207522
31795581
33534406
22663269
22663271
31664055
98763164
38231233
33534404
33534405
95207519
33534403
33534402
25311672
25311673
3747270
7096993
1846790
31817641
2263405
31817642
11378169
25311674
262835
1151887
25311671
25311675
39470548
7494762
96679937
5432936
174609
35210874
174604
35210873
174605
31726247
17192916
1528205
17192915
174606
174607
5432935
7494761
30583582
174608
1528204
1528203
49148801
17192914
17192917
20236665
17201258
49920978
32963861
1307728
8345530
72516614
70010166
31795551
79786481
41652523
79691526
1650650
34855154
22959809
31795554
31795558
20956031
75161758
72361472
41652524
34855153
19447348
31795556
31795563
31795561
79786428
72361471
72552863
72361474
79691525
79786482
31795562
31795552
75709479
31795555
75161759
31795560
31795557
14816806
33867875
5454913
1639505
302131
706600
45576237
45576239
788476
2991489
1631761
6772491
2991488
2991487
706601
7061833
1291488
788475
45576240
12143565
2907424
2907425
45576238
20761447
39470545
27963223
27467408
5671423
96820950
25584212
39470544
96820949
8345531
27602437
302130
2991486
5671422
25584206
16060571
26916089
14629947
60915458
22817205
49336656
41652497
60915461
14094960
76200669
22817207
49336657
76211958
42491350
76211959
76211957
60915460
72914315
92024959
98762643
93217627
93217631
92524241
92012166
93217633
49336655
49916570
92024958
92524240
20955801
92524242
92524239
1475248
64047419
87938688
20955799
92024960
49916571
4837227
38625073
32934560
4837228
87938689
1475246
49336654
31782006
92524243
93217625
93217628
9454704
37431118
20956000
31981681
20955800
31981679
1475247
31981683
32934564
31981682
1475245
38625068
33607679
93217629
93217632
37431117
67846064
93217630
32934561
93217624
93217626
98762644
31981680
64047418
33607678
32934562
89742786
89742787
33607677
32934563
98762642
1846721
15807608
4293489
15807606
1846729
1846720
152561
657151
1846727
4293490
1846716
1846723
15807609
1846731
1846726
1846724
1846715
1846714
1846718
1846728
657176
1846722
1846725
1846719
34487314
1846730
2260208
15807607
1846717
31660258
34487324
34487323
14287576
14287574
14287573
50562029
44635919
3635901
3635898
3635897
3635896
3635902
3635899
44635922
44635921
44635920
4452963
262767
6731333
262768
262765
262771
27602404
30583540
83766221
6731332
27602425
27602405
27602407
6846886
27602406
83766222
30583541
262766
15010808
20761378
28820742
28806355
262770
262802
262772
697304
13227888
87577093
87577094
262769
19015208
2667812
2667813
19015210
2667811
886613
886612
886611
29037453
19015209
3774252
3774253
47931963
41638538
65492618
7635022
89431939
26795465
88636474
28866930
89432229
62460883
41638537
89432236
41447023
41591612
29037455
14499251
62457269
35178715
38231226
35178716
13458470
89432287
63484146
26795466
41591611
88636404
89432106
88763404
65492619
88763405
93020017
89432219
88636314
88636499
40598276
40598293
88636195
69814676
32030889
20868937
28800440
29037454
20868936
20868935
40373383
28800439
28800441
28800438
35382229
20868938
29037452
14816805
14816892
10227458
10227460
10227459
10227461
6726588
16176603
6726586
1511271
6726481
6726514
1511272
21705142
16633601
3810001
3810002
19973110
19973113
28786110
47942032
28786102
28786112
28786101
47942033
47942031
28786111
98760972
33607636
49427760
19760594
33607635
63397008
80194118
98760977
9454344
63397010
63397009
18519149
18519148
19760595
44366343
98760975
63397011
63397019
14499250
57919361
656036
98760974
57919359
8715854
98760976
20955725
9454342
9454343
98760973
627302
627307
75619741
18519130
656034
75619740
18519131
9454341
17231989
51099633
17231990
17231991
19972982
19972984
19972985
19972981
19972983
16767775
16767773
16767774
75916542
6518336
91886928
76880364
89171402
20955559
25501317
64640427
23070617
9930876
91886923
27179241
91886920
91886924
91886922
91886921
6518335
9930957
81371087
19447301
90368223
79786072
9930875
56243126
56243127
75916544
6261541
75916547
30070433
79786073
27179242
90368224
91886927
75916545
30070436
75916546
96123598
4640274
30070440
19447300
75916543
75916540
89171401
89171400
30070432
96123600
89171403
50241886
75916548
13983326
22817202
22817201
89498262
75913502
75913501
30070434
30070435
22817203
75916541
34348025
34348024
30070437
30070438
30070439
89171399
13211308
13211345
13211349
13211346
13211347
13211307
13211350
13211348
79170878
13211351
13211352
79170879
27595627
42233066
42233068
2035996
2035995
11132211
89742316
86314215
42233065
8751485
19596690
49427663
91887283
89171384
31782005
91887282
42233067
86314216
350525
2035997
11132209
47941880
89498212
2036521
89742317
19596691
11132212
32389991
10227313
41630525
8751487
89171392
11132210
10227314
49427665
89171393
32389992
91887281
2035647
89383018
2035648
24508091
18988555
17353414
49427664
24508090
22817206
11132208
22817204
32389993
47941879
92287018
1026725
1026727
92287020
79786267
92287019
14287429
1026733
79786268
81890261
1026729
1026730
9768221
1026732
1026731
1026726
89742315
89742314
20955521
81890262
8751482
72360969
72360982
72360971
72360984
72360983
24949765
8751483
72360981
367620
12487096
2412031
9340509
33534371
17353391
22770004
22769997
22770005
22769999
22769996
22769995
22770006
22770010
72360733
72360732
22770008
22770002
22770009
49411919
22770007
49411956
75913274
72360918
75916474
22770003
22769998
22770000
22770001
72360917
72360916
72360919
3907234
11639122
5955409
20955373
20955374
87872580
9454138
5955443
20955266
38413404
87872586
3907233
67845687
33761766
67845686
7885325
20955299
12453948
66757796
11353472
30186130
24968779
10254418
4005716
19185338
2263404
17036820
11353471
17036819
11353470
5411709
11353467
19185339
11353469
11353466
30186129
30186132
30186131
19185340
11353465
11353468
370096
17036821
502096
5411710
23028939
27595625
38025687
9806431
23028934
23028940
12256081
9806430
23028938
23028935
23028936
96079378
22769990
9806424
34487316
23028937
35929341
9806423
16633607
8091459
9806429
91843773
96079381
96079379
255640
96079380
91843775
91843774
22769989
22769988
96079377
16638972
96079383
96079382
34487298
76319044
76319045
17282555
367525
78008135
7285192
92995755
26736514
7285193
21399619
61399663
95646813
61396470
2034934
87669037
367526
82046843
21399621
21399620
26784134
21399622
508697
82046842
29316989
21399627
16553073
21399618
32030757
29316988
5201298
9430421
10227290
24983552
26784142
92995756
4560502
1076138
29316258
29316257
35210866
706591
706590
706593
627298
1453030
627297
706592
32641382
32641391
73986973
24474611
627300
1453029
9769800
627301
23568588
627299
73986974
23568587
24474609
32641384
32641390
32641385
32641388
32641389
32641383
32641381
32641387
9534113
37158393
9534114
9534112
9534111
9534110
7171193
7171194
7171214
7171196
7171195
16105153
7171192
12487095
12487097
12487098
20069063
16105154
7171190
7171191
4923996
31794660
78528968
31794659
91052685
10403164
31794662
31794658
483123
41585712
35185943
39394705
93404666
70266915
23745131
24335898
24335456
2034880
70266916
24335871
9454023
24335874
35185944
23745132
93404663
56172003
24335413
9454025
35185942
23745134
49427339
70009882
18518278
49427341
24335371
54308385
49427340
23745133
42715629
24335646
39587766
93404661
21309471
18518277
7634844
24335585
97320641
9454026
24335901
24335467
89498188
89498189
9454024
97320639
24335979
18518279
93404662
18518275
18518276
18518280
24335771
20955215
18518274
93404665
89382910
93404664
24335670
24335733
24335593
24335396
7634843
93404667
31664542
89382908
63914399
483125
63914402
63914400
89382909
9454061
483122
483124
26784106
63914401
34177
49526099
10227176
10227177
13211090
90418502
13211088
13211089
64935270
21111675
17467
6692512
17466
5700044
2260134
32334263
32334262
37846699
37846700
4560503
37846710
70271716
37846711
350495
37846703
37846701
92723425
37846705
37846708
699164
19015197
49426935
55965100
70271715
92723426
19015206
92723424
32334261
37846709
79647859
37846706
37846707
92723422
1474909
20955170
41630386
37846702
19972410
2263401
64935235
64935130
70271714
350499
37846698
92723423
92723427
64935082
32334260
23728367
37846704
33607408
19759940
20955171
67259126
70744047
34178
2034557
64935141
19015207
64935081
37846697
89431852
70744046
19759939
1474908
1474910
21199585
33607409
2034555
93404427
2034553
93404426
14816705
89431806
88635951
38625015
38625014
33607407
23963638
2034554
88635935
33534365
2034558
88636072
88631576
89431810
88635819
88635826
2034559
33534369
88631399
33534366
33534364
88631402
38625016
33534367
2034556
33534368
88635977
88631638
88631379
1429545
1404361
1429544
1404356
1404360
13862669
6772359
627262
6772358
6452849
6452850
8345410
1877103
8345409
6772389
6772356
6452889
788587
6452888
50075695
6772360
6772388
6772357
627263
788586
627264
53187683
16105146
114671
114669
16105147
114670
4965988
7938167
24335172
32389950
89637595
5880036
5874383
5876009
42410291
31794537
42410292
22456318
323315
54657397
339753
21705138
74502366
7675819
42515961
41630340
31355518
49218459
24335612
32389951
5876008
49117727
24335240
74502343
24335158
49426798
31794536
31355519
24335162
5880035
31794531
31794532
28917312
89171382
22817196
22817194
89382868
49117728
5874382
31355516
33534357
1357647
22817195
88561500
33534354
88561499
33534356
33534355
33534353
2360232
49117796
4438459
49117797
7634716
22663201
31155965
2123141
2123140
30765449
7634720
9204118
7634724
9453835
7634731
4560488
7634726
9204119
7634718
9988965
9988967
7634725
7634723
64935025
7634717
71623248
7634721
31794491
7634727
7634719
9204122
7634728
31794495
24949659
7448104
9204121
1961238
9453834
1961237
74502342
1961239
7634730
7634729
31794499
63913964
9204054
9204120
24949664
31794496
7448177
49218461
1961240
32389949
24949657
2475148
31794493
63913965
31794500
24949662
24949668
2475149
24949663
31794504
24949658
63913966
31794507
63913967
71623247
24949683
31794503
24949676
31794497
31794494
85308205
31794502
63913963
63913961
63913962
2475147
24949677
27599880
1745843
1153863
17465
8478247
1745842
1745857
1153864
1153862
3202906
16204498
16633205
16204493
16204487
706587
16204494
16204486
16204491
16204495
16204497
16633201
16204500
16204489
16204492
16204499
16633206
3202904
706580
16204488
16204496
16633202
16633203
706584
16633204
3202913
16204490
2991021
706579
16204483
706586
2991020
44368131
37778257
16204484
3202915
3202905
706585
16204485
706582
3202911
9769797
9187759
706581
9187760
1291489
464151
706583
627242
9769798
3202912
3202914
3202910
464152
464149
3202918
464150
3202908
4887190
3202909
44368130
44368132
1188095
1188094
464144
19972240
19972239
502095
175978
502088
67845347
67845348
30583728
845901
36751203
845899
845900
5629172
50562022
42184592
1465800
464148
36751202
53187684
262708
1465797
1465798
13575295
13575296
658162
658164
658161
658204
13575318
4887189
1465802
658163
658207
658206
13575294
658205
6981474
5720304
8675162
79785063
32934009
2260124
7654032
5720303
32934005
25913594
8675161
2260126
7654034
11639054
32934003
79761166
32934006
32934004
3956318
79785062
2260133
5720302
2260104
2260105
2260103
81070312
1638262
2260123
11639055
2260131
7654035
2260125
30166117
2260132
7686897
2260107
2260122
21117436
7654031
7654033
2260106
49117788
2260127
49117787
15255852
76200593
76200592
19123248
8492377
86314127
86314129
25202117
20062058
25202118
25202116
86314128
86314130
7913659
2806217
2806219
2806218
2806220
9534115
7498518
934633
6692513
6726108
51130077
17463
17462
51130076
17464
48361391
14816802
42700014
14816796
14816793
6820036
48361285
14816795
14816800
14816797
14816794
14816798
48361385
14816799
14816801
14816792
2764496
48361384
6820035
2764498
10403165
20855685
1468008
1468009
12349130
48361260
48361259
10403163
12349129
342491
10226960
14499240
5401981
5401977
5401978
5401982
5401979
5401980
8893558
35210865
1307711
1170635
1170637
1170636
1170633
1170634
17250354
28349205
80194106
31794279
80194114
86593894
56049842
89171379
42410243
80194112
86593895
89143746
79441345
42083394
42410244
89143743
34904936
87938672
2032289
10226961
86593893
11274832
80194111
9453626
80194113
68432909
80194108
80194110
80194104
2031720
38624867
79690362
2032286
80194109
89143742
89143744
89143745
79441344
87938670
2032288
68432910
2032290
87938669
2032291
2031719
3956309
39740230
89171380
38624868
87938671
38624869
39740231
87938668
38624825
2032287
2032425
38624864
79690361
38624927
38624926
38624865
38624822
2032423
63396877
31794278
39740232
38624866
38624826
2032421
8673595
69888659
69888662
69888663
14287262
8673594
79785615
8673596
69888661
9453625
81890254
81890255
8673592
8673593
56049852
14287263
69888660
68432965
68432966
56049843
56049853
68432964
74502279
1452719
1452725
1452724
1452720
1452721
1452718
1452723
1452726
1452722
1452716
1452711
1452713
1452714
16925899
1452712
1452717
1452715
1449675
7686854
55870993
7686853
7498525
7498514
7498513
7498528
7498522
7498527
7498524
7498512
7498519
7498523
7498511
27605576
27605577
7498521
7498526
7498515
7498520
7498517
7498516
7498510
4317188
9453589
9453587
6262759
74502276
9453590
74502275
74502274
21398843
5454900
5454901
15933945
3937493
86842182
23040783
74502278
41398999
23040144
74502277
74502273
49426633
9453591
9453588
23040145
12702522
7938111
9203890
9203891
64934847
9203789
23040143
38231198
9203790
367382
12702519
72360355
22817153
10848624
19759424
10848623
88685343
72360354
19759423
22817151
22817152
4444690
29335973
6726119
1631736
70009634
10848549
92723365
70009635
10848548
9424123
9424121
9424122
9424124
7677172
2031042
2865511
5287686
5287779
1631743
2865993
5287743
2865510
2865994
5287689
1631745
5287744
5287687
10838925
17241907
17241905
17241906
10838926
5287778
5287688
10838927
10838924
4905537
10838923
1113020
21786926
1113019
92723382
80387792
79785369
1113018
80387791
80387790
96820934
1113022
49426487
1113021
79785370
1113017
49426484
2030556
231285
92723372
434738
7677171
49426486
49426485
63396820
2031234
63396818
79785228
92723385
92723388
63396819
2031048
2030555
21786919
87668176
128332
21786918
92723384
231284
92723387
92723391
4639879
92723386
7653928
92723389
9102697
21786925
92723374
92723390
87668175
9203676
92723377
92723376
92723380
92723378
92723375
92723383
2030697
2030699
92723381
2031045
92723379
92723368
92723373
92723371
92723369
92723367
92723370
12262101
9218336
14287228
33350045
12262065
38801411
38801429
38801430
38801428
38801419
38801407
38801408
38801418
424234
38801424
38801425
38801417
38801409
38801426
38801427
38801421
38801420
38801423
38801415
38801414
38801413
38801416
38801422
38801412
38801406
38801405
38801410
13142054
10530433
31660070
3397108
31660069
10530437
10530440
10530435
3397107
10530432
10530436
10530439
10530441
10530438
10530434
3397109
424223
424224
31355381
6013137
6382998
6383001
6382999
6382996
6383002
6382994
6382995
6383003
6382997
754855
6382992
6382993
273830
50075627
434684
68432559
42491319
3869122
7677166
76382160
55870321
3869121
91893835
27605460
41398991
76382220
41398990
42491320
75661249
75661248
46801936
79221007
9203266
26639205
1144139
4968001
22550599
6868367
6863669
6518311
53703336
22550598
38660198
23817659
6594744
22550597
1399628
95206005
6286675
88685342
434647
434628
52522218
3456293
97320022
434629
2029638
70755273
97320020
93377939
23963637
19447208
9203594
19447209
95206007
252845
95206006
252844
88685341
19447207
19447210
93377940
90368161
52522219
38506134
29330178
21080
29341353
29310986
29310985
78970561
29339015
29316259
957903
29341352
29335974
29339016
6925669
3370586
3370589
3370587
3370583
6726371
3370588
6726370
3370585
6726242
6726289
6726369
6726453
6726288
6726454
6726247
11353450
24771216
8352571
7520195
36411304
17201256
14629940
14629941
13862668
1586549
49426129
1013865
6981460
14650465
7653827
2372856
252787
30649603
30649600
78977826
2372857
48724404
49426130
75882193
2372858
89171359
30649602
41630030
49117718
49117719
48724403
31355207
31355205
2029434
252786
67680505
7653829
9203267
63912851
71623063
63912849
515354
4744518
7656768
7653828
67680503
71623055
63912845
4921934
63912839
63912853
63912840
63912847
63912842
56049822
63912841
63912843
515355
67680504
15244182
56049821
30214446
9187683
30214445
30215302
30215303
78970560
78970559
78970557
78970556
78970555
14947956
12487092
11353439
50562009
12257568
12667369
14816667
12257569
14816737
45576191
35992498
35992499
3053939
35992500
183543
778388
14816663
2873215
45576192
12667368
14816665
17461
50562010
1888391
22430477
8893557
14816738
22430476
52999879
5411295
778389
50562008
14816664
14816666
5411296
36411301
9187685
183544
22430475
36411300
9187684
1307702
14088959
169870
49820280
169871
28009148
28009147
88631145
88631161
706569
69353355
5411091
49820283
49820281
706574
706573
49820285
49820279
5411092
92018681
42142134
49820286
706572
92018682
42142135
706578
49820282
69353356
42142131
42142133
467548
78970558
5411149
49820284
5411146
5411148
5411022
4842753
5411093
5411021
5411147
42142132
706570
514997
514998
6587474
514993
514995
1404354
79784970
514994
38801400
6716846
514996
96079192
1404353
38801401
65492603
38801399
6587476
38801402
1404351
6587475
1404352
1404355
94873318
67689126
19707365
6262663
96079193
1336070
24335912
24335913
19233064
12773539
24335910
20868907
1336069
19232951
24335911
24335909
1336071
15728495
1336072
1336068
60915392
2990607
8641612
2990611
2990610
16631111
8641613
2990608
8641611
2990606
16631112
2990605
2990609
16631110
87938635
83459444
31652732
83091566
2990604
60915391
45996802
9952023
28312784
28312780
1343142
77824655
18516928
26521668
88635584
88631111
28312781
88630959
28312782
88635425
96121391
18516930
96121455
88635420
77824654
28312783
18516929
9872221
2231682
6009219
2644358
6007342
88635328
26521669
88631040
67689124
88635479
88630837
88631046
88630963
88631045
88630863
6007345
6007343
6007344
6009220
67689125
482906
729943
729942
37158387
37158394
7387868
13574030
13574031
482899
21543618
29930415
47028518
29930417
47028517
21543619
29930416
29930419
29930420
29930418
29930414
40647588
3868957
9928659
75185955
9928661
9928620
49425819
20035264
20035265
49425820
64911163
8530150
8530151
10848173
20939950
20939954
482898
10848172
30123106
64911290
20939951
22663181
20939949
20939953
20939952
9928619
482900
94873319
28600194
75186057
14794208
46841595
33729822
17353276
17353275
31355048
31355045
55208455
44635917
44635916
3251938
495074
495073
2123136
495075
12154199
2372855
79441266
91886637
56049820
33729800
86313967
33729809
2123137
86313968
69229163
33729810
91886638
61025377
79441267
61025378
61025317
61025379
61025316
61025376
23745077
56049819
79441269
41581593
49336579
23745078
23745076
23745074
79441268
49336578
41581592
79441270
79269296
56049817
56049815
75915306
11132197
11132196
81890249
70743554
77039334
6262752
64911006
56049818
2028168
75915305
339864
75911883
7653748
56049814
70743551
11132195
339865
2027988
56049816
6262753
11132194
49336577
79269298
57918870
79269299
79269297
2028164
64911075
81890250
7653749
49336576
2028167
2028166
2028165
67689119
62382260
67689116
25913603
25913592
25913606
25913600
25913605
25913597
25913593
65553250
25913595
25913602
25913596
50075626
25913591
67689110
62382258
706568
63912385
69968084
25913604
28917274
25913590
25913601
706566
67689121
67689111
67689114
25913599
25913589
16891689
67689117
67689115
65553249
25913598
50075624
25913607
50075625
67689113
22169272
65553237
67689112
65553238
62382259
67689120
67689109
67689118
706567
67689108
28600192
62382257
26705153
97319681
7987995
97319682
37158397
69887876
69887877
2441432
2441433
8352570
37158396
37233021
37233022
37233025
37233027
37233020
37233026
37233023
37233024
37233033
37233036
37233039
37233035
37233032
37233037
37233038
37233034
74335457
21543616
17192908
17192910
5504061
17192909
2700612
21543617
2990627
52875507
93400755
10848128
58756696
5785750
20930548
43159926
91843469
93400754
91887142
91886594
2027441
93400764
93400758
49425496
93069219
32933052
31759108
93400763
31759102
30772524
9353280
49425495
29938030
9203060
93400762
13961301
31759104
11638878
89497809
75915287
93400760
9203061
38231186
49425494
75911662
91843468
38231187
9353282
31284580
75660914
93069218
91843473
13961300
64910819
91887143
75660913
91843471
91974255
10216381
89497801
93400756
31759098
91843472
89497802
91843470
31759106
91886593
17263114
72359878
58756697
29938031
93400761
10216344
72359880
89497805
52875682
10848129
93400757
31759097
32933051
93400753
65177900
9202966
11638876
93400759
13036071
23748367
1631729
1631730
934631
934630
1631733
27467406
9509344
1404347
32312018
1307691
768369
79882263
79372719
19185335
2502357
52999877
11353435
11353434
79372718
32312016
38801395
79372717
19756294
32312015
32312017
38801396
9509342
768370
2502358
38801397
9509345
768368
9509341
9489422
9489423
9489425
48263272
9509346
1404348
19185334
1404346
30212898
9509343
48263271
2647203
1404345
1404344
38801398
19185336
14556102
14556101
41055700
10226658
10226660
10226659
27125450
10226657
51384072
1399508
32941100
51384070
51384071
69328424
1399233
51384029
51384030
1639399
10599709
1639397
1639400
1639398
22372425
5551103
15520932
5551102
5551099
5551100
5551101
44327914
5551094
5551097
15520931
9202845
5551095
5551096
5551098
48525741
6716426
76381170
92723364
44327924
17548258
44327915
44327925
10847928
32932956
69887694
6716425
42491300
9202844
10847929
32932957
69887693
42491304
76381169
52875411
28917265
83710235
9202847
9123855
9928296
9202843
32932955
17516948
1335045
91852384
91852386
91852388
73120570
91852392
114598
91852382
91852390
14556099
14556095
14556100
14816643
14556097
14556098
14816644
14816645
14556096
34487239
34487225
34487253
27981509
19559865
14629920
17353222
27981508
27981506
87872239
87872240
61120467
1523950
1523935
183536
1639196
1523948
1523937
1639180
61120465
61120464
61120466
61120462
61120468
18022825
18022827
18022824
18022823
1523936
1523947
18022826
36181203
19917780
40034627
40034630
18022822
1160541
18022821
1639195
1639179
1523951
1160539
36181202
1523949
1523934
40034629
40034628
9078404
19917781
9078403
40034631
183539
2265431
3017583
1846184
28003
1160540
1846183
1639129
19192173
1160542
183535
1846182
50562003
50562004
1846181
8146621
3868762
70271415
18742768
92723359
19758401
92723356
84568284
13961269
19758399
88685335
70271416
88685336
92723357
30772521
75250318
92723361
92723360
13961268
70271417
11132183
19758400
9452463
6261447
64517782
67844373
31759086
31759087
70009383
19086170
11132185
92723362
92723358
92723355
92723363
5515325
11132184
19758386
92723354
11132181
18742734
11132182
49820215
11089541
18742769
8146620
67844374
49820222
49820223
89497641
89497640
49820226
2026636
1230906
49820224
49820220
1230965
1230964
49820216
49820225
2026637
2026635
49820218
89171352
49820221
49820217
1230905
49820219
1217901
17516952
17516951
5036589
5036588
17516949
6517708
17516950
6517706
6517705
5036590
6517707
6517704
6517702
1837883
6517703
87143
3974515
324560
1439127
596021
596022
1318249
12980471
1318245
324561
8541930
27981507
16631109
1318250
1318246
5003753
1318248
1318251
1318247
324559
324558
324557
28600186
40670654
6407192
40670653
40670655
4817820
40670652
6350635
21649845
628712
6350632
6350633
6350634
686606
686607
686608
1466016
1466021
25311637
1466017
1466018
1466019
7161384
2619672
2619671
7161383
25311636
25311633
1466020
25311634
27171806
7161385
25311632
25311648
25311647
1466015
30448042
25311635
19185329
79080
6207830
19185333
6207829
19185330
19185332
6207831
61120461
19185331
20957247
20957236
1131952
20957235
20957234
20957233
20957237
1131953
10847287
10847288
69887554
58291202
58291201
88630576
3576865
35185836
35185833
10361942
42410226
88630212
42410228
7387755
42410227
3576863
35185832
88630274
88630701
4005769
23870653
35185831
88630255
7387754
3576864
4005755
6378283
49425013
23870659
3576866
3868734
23870655
49425015
58291203
49425014
60703945
23870656
35185835
88635222
57453455
88634841
35185834
88635139
23870657
88634719
88634741
9202571
43159894
88630792
88630554
88630345
331764
7653558
69887553
7653559
69887565
69887555
69887566
67259002
69136242
69887551
7653560
69887564
69887567
69887569
27781416
4426063
1452681
3677331
32312008
6772189
33867872
33867870
19559870
19559867
19559868
9187660
9187673
38904987
35992454
10380957
6283583
33867873
33867871
7378480
7378481
7378482
35992455
19559866
1307674
19559869
19559871
6837826
6283581
19559862
1452835
19559863
1452834
19559864
6283582
14629919
79372694
9187672
79372697
79372695
38660191
79372696
9187671
35992457
79372693
1452680
38043416
35992456
1307675
16389786
28348873
6283591
19240241
30355318
6985755
17036752
6283590
35546409
18668884
17036751
17036753
780246
79372716
780244
79372713
780245
79372712
79372714
79372715
40437507
3252258
3252257
3252259
1335806
36613106
36612998
38820809
53927816
53927776
72076652
2011008
7387618
76380960
7603712
6292002
76380954
7603709
19018308
57453091
81890247
7603710
2720703
75185382
39764248
434283
4639553
2441189
2441190
4639554
57453090
7337574
12261882
6292001
430266
7603711
7603707
75185500
68432702
2020573
7603708
4718775
2025435
7337575
7603706
669995
3528345
129377
6818595
81082089
2025434
4598129
813209
1469742
392505
6530690
6332580
6332579
3810985
40437616
1335930
35210848
5285638
1344289
48724407
6227781
9452064
24334873
42410202
24334771
85646125
24334815
19447148
19447156
42410206
8906938
19447157
150220
89286240
48724408
19447158
38231171
24334945
24334853
69104746
24334795
24334791
24334846
26783919
19447151
20442247
19447155
85646124
58756546
19447153
58756534
19447150
26783918
7593173
9452063
19447154
58756538
58756547
19447152
2023766
2023765
2023767
58756535
150219
32932553
2023769
2023768
2023770
58756539
10847289
10847290
224055
32879488
42410203
146934
30772512
146933
146931
49424632
81072202
81072200
49424618
49424619
49424631
81072201
42410204
30820596
49424620
49424621
81072203
30820595
146930
26783908
7678141
74198318
76380633
87667348
87667349
74198216
75660736
75660737
39052717
32932624
74198217
30820602
30820603
7447852
67844035
32932625
32932626
20065947
6725784
6725904
49475257
25913437
9218335
9202450
49475255
29156741
6772164
9218332
9452050
75485
25913439
96820924
6997709
9218333
25913441
6997714
25913436
6725772
25913435
14448907
49475259
52778341
52778337
6772163
49475260
41504604
6772165
25913443
52042938
25913434
52778342
6772166
29156739
52042939
52778339
706562
52042937
9452049
25913444
25913438
49475258
52778335
52778338
52778336
706563
49475251
49475253
1311035
6772162
6997710
2502348
6772161
6997705
6772160
49475250
49475256
706561
49475254
29156740
52778340
1311034
49475252
49475261
706564
1311036
52042932
9202451
6726018
6726015
6725626
25913449
6725970
6726016
25913442
25913440
6725944
6725971
1039869
6725707
6725700
1311033
6725647
6725706
6725777
6725903
6725779
6725701
6725643
6931451
5217619
11718197
58911637
11718196
4435936
9187659
42090160
58911635
4435937
1905827
58911636
7141306
1905828
70710458
58911639
58911640
7141305
58911641
5287685
22451858
4435938
66502733
35992417
70710459
58911638
4435934
4435935
1905826
1888041
4435939
22451859
5287684
70710460
22451857
9187657
51371034
6262592
55208454
2265424
51371037
51371036
9769772
35992418
35992420
9187656
9187654
4426055
9187655
1888040
2265425
5408228
12687909
12687910
11628368
11628364
21649833
7653419
21649834
88912230
11628367
11628365
11628370
11628366
91249279
11628369
11628363
508691
508692
508693
508695
9451991
91249280
508694
9451990
7653416
9202180
91249278
9218330
9218331
7653418
9451992
9202238
7653417
88089107
88912229
19018309
7653415
88089116
9202240
508690
9202186
11628372
508689
21397709
11628371
9202239
4286590
20485571
22817085
14286858
88912228
19018310
14286852
14286853
22817086
14286859
22817087
3635852
3635851
3635853
3635854
3635855
14478958
34584989
1391380
19232857
26374408
339
11718198
3635850
707383
11718199
22380882
86313792
11541584
7494739
5629176
146929
146932
81072129
41398912
81072130
55965022
57452918
96065559
18548929
18548928
57452919
18548930
51458719
96065560
47912952
18548931
72359263
72359264
72359265
18548927
1452751
22817056
7629659
48361251
71622843
9451946
38231162
22817054
10257125
87938621
96065500
9451944
48361250
48361378
96065501
2023365
38231165
48361380
71622838
38801359
51458721
7709241
9451943
10270742
41805907
48361379
22817055
10270743
88089101
7163341
9451942
87938623
7163342
7709242
51458718
87938622
49825972
9451945
9045978
51458720
21715508
29938025
21715510
21715511
29938026
7709239
21715507
21715513
1452764
7709240
25202113
51458717
21715512
20532444
25202111
7709238
1452760
16900397
1452757
1452765
25202112
21715509
1452762
7709233
1452761
21715505
7709231
7709229
21715504
1452763
1452759
7709230
7709237
7709235
7709228
1452754
7709234
1452758
7709236
7709232
38801360
7709227
1452756
21715506
1452755
21715503
1452752
1452753
1335042
4887182
1205674
1205679
1205664
1205668
1205680
1205673
1205669
1205677
1205672
1205675
1205676
1205671
1205667
1205670
1205678
14794149
630024
630030
630029
630032
630022
630097
630023
630026
630159
630158
630091
630157
630098
630155
630096
630025
630095
630094
630092
630031
630035
630033
630028
630156
6931447
6931450
630093
6931449
625377
630160
630132
630027
6931446
630034
630099
6931448
6868317
6868318
4375664
7171151
4375662
1399098
7171157
2872220
7171155
7171158
7171154
2872221
4375661
7171152
4375663
7171156
7171153
2872216
9380330
88472125
6863600
6863601
8718599
5071559
934607
7688714
934608
934609
934606
30649564
91394713
49411363
69351680
23870534
18515179
18742100
76880287
2756522
49424201
2756742
49424197
30649565
2756740
35185761
49424200
21397483
49424196
91394714
35513275
18515175
2022597
252617
2756750
18515176
76880286
2756759
30649562
1557288
2756521
49411342
30649563
2756519
2756523
252616
2756741
21397475
18515174
2756739
2022600
21397474
69351681
35513276
30772505
49424198
81072117
23870538
81072116
49424206
75881832
69772522
35185759
35185760
88912124
49424199
18742093
39740209
21649836
8352992
21649837
21649835
75881823
10109637
18515180
18515173
18515177
39740206
18515178
2022599
39740208
89382510
8352993
75185244
20939633
78593084
2756757
2756758
2022596
39740207
2022598
92900011
7653284
78593083
20939634
20939632
7653283
20939631
69887050
69887048
69887049
69887046
6217942
7638178
7638177
19014865
93376207
87974946
7609907
9451718
77140955
77140896
9924634
67843678
54308381
67843679
63911196
3730313
3730314
54308380
19014862
23963634
83807153
93376208
63911198
63911195
30649561
3730315
30649558
42159666
3730312
63911201
63911200
67843752
67843677
63911193
30649559
63911199
63911197
63911202
63911194
57452534
57452543
88324871
21397199
34423840
6217870
9202070
91206382
91206383
10653789
57452536
18935077
23025767
57452556
76675845
9202128
30649557
9202018
98212731
57452549
9201979
11638732
57452544
57452542
9201998
57452545
57452551
57452540
34423838
34423839
10226193
10226192
1304733
2872215
60703885
60703890
2942523
60703886
60703887
60703892
60703891
60703888
2942522
60703889
41323381
77039329
91840554
85645778
85645876
82286625
18741849
69886936
28707979
77712367
22554857
18741848
85645906
85645339
85645708
22554856
28707984
85645714
2021206
28707981
19018017
18741846
19018019
20035007
65492584
77039328
85645617
91840553
69886938
78347096
28707986
69886935
69886937
19018016
19018014
28707985
85876207
18741847
85645839
22554855
85876206
85645856
63396615
85645710
19018018
20035010
82286624
28707980
28707983
85645821
85645385
85645334
77712368
41323380
38624767
19018015
2021209
38624769
331593
331594
2021208
38624768
34603047
34603048
2021207
18741845
34603049
29938018
9352812
7609908
75185019
74277115
20485483
9201803
63396631
74277114
20485482
74277118
9201804
9352811
63911009
63911010
20270792
63396606
20385900
20385903
20485496
20485497
20485481
29938021
20485494
63396607
20385901
63911011
20485495
20385902
31760266
31760267
78593026
86313695
86313694
86313693
42410139
23946133
28403211
22554608
22554609
86313696
23745014
23745013
72358811
86313692
23745015
23745012
24877879
28403212
72358809
42410140
7676937
7675552
78593027
26521183
7603327
64910255
7603317
1027009
7603322
30090928
7603321
7603320
30090930
7603328
7603326
7653235
7676938
1027007
24877880
7603323
7603319
1027006
66756410
1027008
1027005
14794062
7603316
20939513
76379796
7603318
71622780
20939512
30090929
71622779
6510093
33867865
20823612
9187644
9817791
1727931
9187649
2749327
40373385
75617359
11512691
10435409
17808109
9424126
75250321
5287638
86593888
9424125
10393995
9424127
5287636
5287635
17808110
5287591
5287592
6513467
5287637
29778277
2406582
32941096
29778276
7656680
25741608
69886684
25401123
34511887
87938612
69886682
24310229
75184681
2381542
95204172
2381543
87938608
2020405
95204173
87938613
87938611
30210150
25401125
25401128
93396825
75617360
30210207
25401127
87938609
25401129
87938610
87938614
25401126
93396887
25401124
25401122
855935
93396824
75660531
75660532
93396886
19707143
25401121
93396889
93396888
93396885
93396883
93396884
45576098
672905
672906
45576099
45576100
45576097
8673258
8673261
8673260
8673263
8673259
8673262
10226081
23089409
6510083
6510092
6510085
33867866
61120453
1113011
1113010
6510091
27953
341
343
1113007
6510081
6510090
23089410
6510087
1113009
6510086
1113012
6510082
33867868
342
33867867
23089408
344
27952
4901216
134602
21015360
21015361
10226080
1032292
1032293
9769769
9769768
9769767
1032294
9769757
92700602
9225569
9225577
134604
9225570
134608
134609
134603
9225572
7494732
134605
134607
134606
7494731
9225571
9225576
14733102
15132397
41784386
77039322
9451310
73120270
22554434
19757224
71622756
7676903
71622753
32932205
149103
10846466
32932208
7603228
22554433
7676904
75910497
19757061
3956205
68432558
19757222
149102
29611704
42862327
331372
77039321
3460313
2018089
3460312
77039323
34347974
77039320
77039317
34347975
77039319
32932207
77039326
29611705
77039318
331373
77039327
77039325
77039324
32932204
26521182
32932206
85645948
70144986
4639221
47495305
70144985
79441083
42410117
69886683
41398885
75167587
75167591
75167593
75167589
42410118
4639220
6592387
6592386
79441082
47495303
69886681
42862326
69808037
69808038
69808036
25913292
25913293
25913290
25913289
25913291
25913285
2756509
2756511
2756508
2756507
2756510
2756500
25913287
2756512
25913284
2756501
2756524
25913294
25913286
25913288
2756525
25913283
2756520
2756513
91257262
5044615
5044616
91886322
75628629
88045172
75628630
6156215
42122599
91886321
88045175
2756661
17352945
42122600
91257263
2756612
2756656
2756657
91257261
2756659
88045171
75628632
88634427
88629975
69808024
88629988
75628631
88634435
88045174
88629995
88634474
88629922
88629856
88634516
69808025
88629885
88629880
2756660
88629912
88634414
2756611
88630116
2756658
88629901
88629916
12261667
4355840
42721611
46592997
35992371
96820920
8345189
5661406
5661515
42721610
8345190
4851969
96820919
2502302
35992373
35992369
49475263
96820918
35992370
36181201
35992372
4355841
4355839
15132391
15132394
4355834
4005664
49475264
4005663
218889
1018975
1523913
19185325
19185326
1018976
19185327
2749329
2749328
1018977
1523911
1523909
1523912
11718195
1523903
4355836
1523910
4355835
34487210
9187647
17581850
9187648
17581842
3576862
46348045
3576861
41400346
25168524
17547736
9187640
9187645
3576860
9187646
46348046
17581849
37980391
14327663
14327665
14327664
41400334
42491266
46348044
87974943
70742529
22554094
7678111
70742570
87974945
22553938
67688439
22554093
34603017
87974944
77140335
2019131
34603014
14286653
22553940
70742571
83710232
22553936
77140336
67688442
34603015
2019133
67688441
67688444
22553937
34603042
63892603
7653098
67688443
12261654
25913296
13107412
28917214
70742578
9201465
2019130
46348043
70742566
9201513
25913295
67688440
67688438
47912506
22554095
22553939
22554092
9201514
9201664
13107413
2019132
13107416
13107414
13107409
13107417
70742528
13107410
13107415
14286652
12261658
67688437
13107411
63892602
47028507
1639063
47028506
3635835
42398495
1638841
35847455
1638838
1638839
1638840
3635836
3635834
3635838
3635837
1639062
1638836
47028511
47028508
47028509
47028510
1638837