1 2 100
2 3 200
3 4 300
4 5 49
5 6 149
6 7 249
7 8 349
8 9 98
9 10 198
10 11 298
11 12 47
12 13 147
13 14 247
14 15 347
15 16 96
16 17 196
17 18 296
18 19 45
19 20 145
20 21 245
21 22 345
22 23 94
23 24 194
24 25 294
25 26 43
26 27 143
27 28 243
28 29 343
29 30 92
30 31 192
31 32 292
32 33 41
33 34 141
34 35 241
35 36 341
36 37 90
37 38 190
38 39 290
39 40 39
40 41 139
41 42 239
42 43 339
43 44 88
44 45 188
45 46 288
46 47 37
47 48 137
48 49 237
49 50 337
50 51 86
51 52 186
52 53 286
53 54 35
54 55 135
55 56 235
56 57 335
57 58 84
58 59 184
59 60 284
60 61 33
61 62 133
62 63 233
63 64 333
64 65 82
65 66 182
66 67 282
67 68 31
68 69 131
69 70 231
70 71 331
71 72 80
72 73 180
73 74 280
74 75 29
75 76 129
76 77 229
77 78 329
78 79 78
79 80 178
80 81 278
81 82 27
82 83 127
83 84 227
84 85 327
85 86 76
86 87 176
87 88 276
88 89 25
89 90 125
90 91 225
91 92 325
92 93 74
93 94 174
94 95 274
95 96 23
96 97 123
97 98 223
98 99 323
99 100 72
100 101 172
101 102 272
102 103 21
103 104 121
104 105 221
105 106 321
106 107 70
107 108 170
108 109 270
109 110 19
110 111 119
111 112 219
112 113 319
113 114 68
114 115 168
115 116 268
116 117 17
117 118 117
118 119 217
119 120 317
120 121 66
121 122 166
122 123 266
123 124 15
124 125 115
125 126 215
126 127 315
127 128 64
128 129 164
129 130 264
130 131 13
131 132 113
132 133 213
133 134 313
134 135 62
135 136 162
136 137 262
137 138 11
138 139 111
139 140 211
140 141 311
141 142 60
142 143 160
143 144 260
144 145 9
145 146 109
146 147 209
147 148 309
148 149 58
149 150 158
150 151 258
151 152 7
152 153 107
153 154 207
154 155 307
155 156 56
156 157 156
157 158 256
158 159 5
159 160 105
160 161 205
161 162 305
162 163 54
163 164 154
164 165 254
165 166 3
166 167 103
167 168 203
168 169 303
169 170 52
170 171 152
171 172 252
172 173 1
173 174 101
174 175 201
175 176 301
176 177 50
177 178 150
178 179 250
179 180 350
180 181 99
181 182 199
182 183 299
183 184 48
184 185 148
185 186 248
186 187 348
187 188 97
188 189 197
189 190 297
190 191 46
191 192 146
192 193 246
193 194 346
194 195 95
195 196 195
196 197 295
197 198 44
198 199 144
199 200 244
200 201 344
201 202 93
202 203 193
203 204 293
204 205 42
205 206 142
206 207 242
207 208 342
208 209 91
209 210 191
210 211 291
211 212 40
212 213 140
213 214 240
214 215 340
215 216 89
216 217 189
217 218 289
218 219 38
219 220 138
220 221 238
221 222 338
222 223 87
223 224 187
224 225 287
225 226 36
226 227 136
227 228 236
228 229 336
229 230 85
230 231 185
231 232 285
232 233 34
233 234 134
234 235 234
235 236 334
236 237 83
237 238 183
238 239 283
239 240 32
240 241 132
241 242 232
242 243 332
243 244 81
244 245 181
245 246 281
246 247 30
247 248 130
248 249 230
249 250 330
250 251 79
251 252 179
252 253 279
253 254 28
254 255 128
255 256 228
256 257 328
257 258 77
258 259 177
259 260 277
260 261 26
261 262 126
262 263 226
263 264 326
264 265 75
265 266 175
266 267 275
267 268 24
268 269 124
269 270 224
270 271 324
271 272 73
272 273 173
273 274 273
274 275 22
275 276 122
276 277 222
277 278 322
278 279 71
279 280 171
280 281 271
281 282 20
282 283 120
283 284 220
284 285 320
285 286 69
286 287 169
287 288 269
288 289 18
289 290 118
290 291 218
291 292 318
292 293 67
293 294 167
294 295 267
295 296 16
296 297 116
297 298 216
298 299 316
299 300 65
300 301 165
301 302 265
302 303 14
303 304 114
304 305 214
305 306 314
306 307 63
307 308 163
308 309 263
309 310 12
310 311 112
311 312 212
312 313 312
313 314 61
314 315 161
315 316 261
316 317 10
317 318 110
318 319 210
319 320 310
320 321 59
321 322 159
322 323 259
323 324 8
324 325 108
325 326 208
326 327 308
327 328 57
328 329 157
329 330 257
330 331 6
331 332 106
332 333 206
333 334 306
334 335 55
335 336 155
336 337 255
337 338 4
338 339 104
339 340 204
340 341 304
341 342 53
342 343 153
343 344 253
344 345 2
345 346 102
346 347 202
347 348 302
348 349 51
349 350 151
350 351 251
351 352 1
352 353 100
353 354 200
354 355 300
355 356 49
356 357 149
357 358 249
358 359 349
359 360 98
360 361 198
361 362 298
362 363 47
363 364 147
364 365 247
365 366 347
366 367 96
367 368 196
368 369 296
369 370 45
370 371 145
371 372 245
372 373 345
373 374 94
374 375 194
375 376 294
376 377 43
377 378 143
378 379 243
379 380 343
380 381 92
381 382 192
382 383 292
383 384 41
384 385 141
385 386 241
386 387 341
387 388 90
388 389 190
389 390 290
390 391 39
391 392 139
392 393 239
393 394 339
394 395 88
395 396 188
396 397 288
397 398 37
398 399 137
399 400 237
400 1 337
1 2 86
1 2 186
2 3 286
3 4 35
4 5 135
5 6 235
6 7 335
7 8 84
8 9 184
9 10 284
10 11 33
11 12 133
12 13 233
13 14 333
14 15 82
15 16 182
16 17 282
17 18 31
18 19 131
19 20 231
20 21 331
21 22 80
22 23 180
23 24 280
24 25 29
25 26 129
26 27 229
27 28 329
28 29 78
29 30 178
30 31 278
31 32 27
32 33 127
33 34 227
34 35 327
35 36 76
36 37 176
37 38 276
38 39 25
39 40 125
40 41 225
41 42 325
42 43 74
43 44 174
44 45 274
45 46 23
46 47 123
47 48 223
48 49 323
49 50 72
50 51 172
51 52 272
52 53 21
53 54 121
54 55 221
55 56 321
56 57 70
57 58 170
58 59 270
59 60 19
60 61 119
61 62 219
62 63 319
63 64 68
64 65 168
65 66 268
66 67 17
67 68 117
68 69 217
69 70 317
70 71 66
71 72 166
72 73 266
73 74 15
74 75 115
75 76 215
76 77 315
77 78 64
78 79 164
79 80 264
80 81 13
81 82 113
82 83 213
83 84 313
84 85 62
85 86 162
86 87 262
87 88 11
88 89 111
89 90 211
90 91 311
91 92 60
92 93 160
93 94 260
94 95 9
95 96 109
96 97 209
97 98 309
98 99 58
99 100 158
100 101 258
101 102 7
102 103 107
103 104 207
104 105 307
105 106 56
106 107 156
107 108 256
108 109 5
109 110 105
110 111 205
111 112 305
112 113 54
113 114 154
114 115 254
115 116 3
116 117 103
117 118 203
118 119 303
119 120 52
120 121 152
121 122 252
122 123 1
123 124 101
124 125 201
125 126 301
126 127 50
127 128 150
128 129 250
129 130 350
130 131 99
131 132 199
132 133 299
133 134 48
134 135 148
135 136 248
136 137 348
137 138 97
138 139 197
139 140 297
140 141 46
141 142 146
142 143 246
143 144 346
144 145 95
145 146 195
146 147 295
147 148 44
148 149 144
149 150 244
150 151 344
151 152 93
152 153 193
153 154 293
154 155 42
155 156 142
156 157 242
157 158 342
158 159 91
159 160 191
160 161 291
161 162 40
162 163 140
163 164 240
164 165 340
165 166 89
166 167 189
167 168 289
168 169 38
169 170 138
170 171 238
171 172 338
172 173 87
173 174 187
174 175 287
175 176 36
176 177 136
177 178 236
178 179 336
179 180 85
180 181 185
181 182 285
182 183 34
183 184 134
184 185 234
185 186 334
186 187 83
187 188 183
188 189 283
189 190 32
190 191 132
191 192 232
192 193 332
193 194 81
194 195 181
195 196 281
196 197 30
197 198 130
198 199 230
199 200 330
200 201 79
201 202 179
202 203 279
203 204 28
204 205 128
205 206 228
206 207 328
207 208 77
208 209 177
209 210 277
210 211 26
211 212 126
212 213 226
213 214 326
214 215 75
215 216 175
216 217 275
217 218 24
218 219 124
219 220 224
220 221 324
221 222 73
222 223 173
223 224 273
224 225 22
225 226 122
226 227 222
227 228 322
228 229 71
229 230 171
230 231 271
231 232 20
232 233 120
233 234 220
234 235 320
235 236 69
236 237 169
237 238 269
238 239 18
239 240 118
240 241 218
241 242 318
242 243 67
243 244 167
244 245 267
245 246 16
246 247 116
247 248 216
248 249 316
249 250 65
250 251 165
251 252 265
252 253 14
253 254 114
254 255 214
255 256 314
256 257 63
257 258 163
258 259 263
259 260 12
260 261 112
261 262 212
262 263 312
263 264 61
264 265 161
265 266 261
266 267 10
267 268 110
268 269 210
269 270 310
270 271 59
271 272 159
272 273 259
273 274 8
274 275 108
275 276 208
276 277 308
277 278 57
278 279 157
279 280 257
280 281 6
281 282 106
282 283 206
283 284 306
284 285 55
285 286 155
286 287 255
287 288 4
288 289 104
289 290 204
290 291 304
291 292 53
292 293 153
293 294 253
294 295 2
295 296 102
296 297 202
297 298 302
298 299 51
299 300 151
300 301 251
301 302 1
302 303 100
303 304 200
304 305 300
305 306 49
306 307 149
307 308 249
308 309 349
309 310 98
310 311 198
311 312 298
312 313 47
313 314 147
314 315 247
315 316 347
316 317 96
317 318 196
318 319 296
319 320 45
320 321 145
321 322 245
322 323 345
323 324 94
324 325 194
325 326 294
326 327 43
327 328 143
328 329 243
329 330 343
330 331 92
331 332 192
332 333 292
333 334 41
334 335 141
335 336 241
336 337 341
337 338 90
338 339 190
339 340 290
340 341 39
341 342 139
342 343 239
343 344 339
344 345 88
345 346 188
346 347 288
347 348 37
348 349 137
349 350 237
350 351 337
351 352 86
352 353 186
353 354 286
354 355 35
355 356 135
356 357 235
357 358 335
358 359 84
359 360 184
360 361 284
361 362 33
362 363 133
363 364 233
364 365 333
365 366 82
366 367 182
367 368 282
368 369 31
369 370 131
370 371 231
371 372 331
372 373 80
373 374 180
374 375 280
375 376 29
376 377 129
377 378 229
378 379 329
379 380 78
380 381 178
381 382 278
382 383 27
383 384 127
384 385 227
385 386 327
386 387 76
387 388 176
388 389 276
389 390 25
390 391 125
391 392 225
392 393 325
393 394 74
394 395 174
395 396 274
396 397 23
397 398 123
398 399 223
399 400 323
400 1 72
1 2 172
1 2 272
2 3 21
3 4 121
4 5 221
5 6 321
6 7 70
7 8 170
8 9 270
9 10 19
10 11 119
11 12 219
12 13 319
13 14 68
14 15 168
15 16 268
16 17 17
17 18 117
18 19 217
19 20 317
20 21 66
21 22 166
22 23 266
23 24 15
24 25 115
25 26 215
26 27 315
27 28 64
28 29 164
29 30 264
30 31 13
31 32 113
32 33 213
33 34 313
34 35 62
35 36 162
36 37 262
37 38 11
38 39 111
39 40 211
40 41 311
41 42 60
42 43 160
43 44 260
44 45 9
45 46 109
46 47 209
47 48 309
48 49 58
49 50 158
50 51 258
51 52 7
52 53 107
53 54 207
54 55 307
55 56 56
56 57 156
57 58 256
58 59 5
59 60 105
60 61 205
61 62 305
62 63 54
63 64 154
64 65 254
65 66 3
66 67 103
67 68 203
68 69 303
69 70 52
70 71 152
71 72 252
72 73 1
73 74 101
74 75 201
75 76 301
76 77 50
77 78 150
78 79 250
79 80 350
80 81 99
81 82 199
82 83 299
83 84 48
84 85 148
85 86 248
86 87 348
87 88 97
88 89 197
89 90 297
90 91 46
91 92 146
92 93 246
93 94 346
94 95 95
95 96 195
96 97 295
97 98 44
98 99 144
99 100 244
100 101 344
101 102 93
102 103 193
103 104 293
104 105 42
105 106 142
106 107 242
107 108 342
108 109 91
109 110 191
110 111 291
111 112 40
112 113 140
113 114 240
114 115 340
115 116 89
116 117 189
117 118 289
118 119 38
119 120 138
120 121 238
121 122 338
122 123 87
123 124 187
124 125 287
125 126 36
126 127 136
127 128 236
128 129 336
129 130 85
130 131 185
131 132 285
132 133 34
133 134 134
134 135 234
135 136 334
136 137 83
137 138 183
138 139 283
139 140 32
140 141 132
141 142 232
142 143 332
143 144 81
144 145 181
145 146 281
146 147 30
147 148 130
148 149 230
149 150 330
150 151 79
151 152 179
152 153 279
153 154 28
154 155 128
155 156 228
156 157 328
157 158 77
158 159 177
159 160 277
160 161 26
161 162 126
162 163 226
163 164 326
164 165 75
165 166 175
166 167 275
167 168 24
168 169 124
169 170 224
170 171 324
171 172 73
172 173 173
173 174 273
174 175 22
175 176 122
176 177 222
177 178 322
178 179 71
179 180 171
180 181 271
181 182 20
182 183 120
183 184 220
184 185 320
185 186 69
186 187 169
187 188 269
188 189 18
189 190 118
190 191 218
191 192 318
192 193 67
193 194 167
194 195 267
195 196 16
196 197 116
197 198 216
198 1 316