2 9 1 4 3 9 2 9 5 5 8 2 4 7 3 8 1 4 1 8 7 1 4 8 5 6 10 5 3 3 9 8 10 10 8 10 9 8 7 2 4 1 10 6 6 9 10 4 7 8 5 2 7 9 1 3 4 1 8 7 9 2 6 3 9 6 2 2 5 7 7 6 8 10 6 5 6 5 9 5 2 10 4 7 5 2 5 1 5 9 3 5 7 2 9 7 4 4 9 6 7 6 6 10 6 5 9 5 4 6 7 2 4 4 9 5 2 4 6 8 5 4 4 10 6 7 6 2 10 10 5 7 9 3 5 2 2 1 7 10 6 2 9 4 6 3 2 1 9 5 2 2 1 3 3 6 6 2 10 5 5 4 2 7 6 1 7 5 6 10 4 1 10 7 7 2 6 8 8 8 10 4 5 8 8 9 6 3 1 2 9 3 3 5 9 9 4 6 6 5 1 3 8 5 9 6 10 4 10 6 4 4 9 2 2 1 1 2 2 1 8 7 4 4 5 8 7 4 4 1 8 7 4 8 6 6 2 4 6 2 4 3 1 4 9 5 8 9 7 8 8 9 4 6 9 6 9 7 4 6 4 10 6 7 3 7 9 4 1 3 3 5 8 5 6 2 5 9 7 4 4 8 8 10 1 1 2 6 6 10 6 3 6 5 8 9 8 7 5 6 2 7 8 9 2 6 4 2 7 9 4 9 5 2 8 4 4 8 7 3 7 4 4 8 6 10 4 10 2 7 7 1 4 7 6 7 3 5 2 1 3 8 3 7 9 10 7 10 9 4 10 7 5 3 5 1 8 1 2 5 2 7 8 7 7 5 1 9 1 1 4 6 10 4 10 8 2 4 10 5 4 4 1 10 9 10 9 6 10 4 8 9 7 3 10 6 8 2 9 3 8 6 10 5 1 3 10 6 8 4 9 7 10 5 3 3 4 4 1 3 9 2 8 2 2 8 3 7 6 3 5 1 1 7 5 2 6 10 4 2 2 2 6 8 8 8 4 1 1 9 9 8 9 1 3 4 2 9 7 9 3 5 6 9 9 7 7 1 5 2 9 6 8 5 4 8 4 8 9 2 2 3 9 5 9 4 2 1 4 3 3 10 1 7 4 5 8 10 9 8 9 3 1 8 4 1 6 10 6 6 5 10 7 7 6 7 9 4 9 4 6 7 10 6 1 10 3 6 1 4 8 5 9 7 4 6 8 5 4 5 2 10 10 8 9 6 1 7 1 1 2 8 5 2 10 10 3 1 2 6 1 9 10 3 7 1 2 4 6 6 8 3 4 7 8 3 5 10 4 7 3 9 6 7 5 9 6 7 7 8 2 2 8 8 7 10 2 10 10 4 8 8 7 3 6 3 5 3 1 1 1 9 1 2 7 2 2 10 6 3 5 3 9 3 2 2 10 2 10 4 5 9 1 5 6 2 5 10 4 3 5 8 2 10 9 1 10 9 3 6 10 6 3 5 7 1 3 3 1 6 9 5 1 8 3 10 1 8 3 3 8 3 6 2 9 4 2 3 6 2 7 5 6 1 5 2 9 6 6 8 8 5 4 2 1 7 5 1 6 5 10 9 10 1 3 5 6 2 10 4 5 7 10 7 6 1 8 1 2 1 8 1 5 3 6 8 1 10 2 4 2 7 9 6 6 6 10 9 6 5 4 7 1 6 4 5 10 8 1 9 6 2 7 10 4 4 9 1 7 6 2 3 5 7 7 9 6 9 3 7 7 1 8 3 3 9 2 8 5 10 2 8 9 7 10 3 7 1 9 6 4 6 3 6 8 8 4 10 7 6 7 2 1 4 10 2 6 9 5 8 5 2 1 2 4 4 1 8 5 9 1 7 1 6 6 3 6 2 1 1 7 5 6 6 5 7 8 2 2 8 1 9 3 3 9 6 2 1 8 1 8 4 4 6 5 2 9 5 9 6 10 4 9 3 5 5 8 2 10 9 5 10 2 6 3 1 4 7 3 2 5 9 5 7 8 4 8 5 2 2 1 1 5 5 5 5 7 8 6 3 6 8 6 10 7 2 1 10 7 3 7 8 8 10 5 6 5 2 8 3 5 9 5 7 7 10 1 9 8 2 3 8 3 8 6 7 5 1 9 5 1 10 1 1 3 5 6 9 2 6 9 5 8 5 2 6 9 8 1 3 6 9 8 3 3 5 9 5 10 4 5 7 10 7 4 6 1 8 10 2 4 8 4 10 5 6 8 2 10 5 1 4 6 3 2 10 3 10 9 1 3 3 9 4 4 4 2 10 4 9 2 7 9 9 10 10 5 4 5 4 9 5 7 1 3 1 3 2 5 10 1 7 4 4 6 4 10 2 10 9 6 1 2 6 5 4 9 3 8 8 6 7 9 1 10 9 3 8 8 5 5 3 1 1 3 10 6 6 1 6 2 3 4 1 10 10 5 3 4 4 1 10 10 9 9 8 10 1 6 4 1 8 1 5 7 7 9 8 2 7 7 3 2 8 1 10 8 3 8 6 3 10 1 8 1 3 7 8 10 6 3 1 10 8 1 5 7 7 9 10 6 3 10 4 9 5 1 6 2 7 4 4 10 3 10 10 5 6 4 4 7 3 7 8 10 5 1 3 3 5 1 2 8 6 6 8 4 5 3 1 4 1 9 4 2 1 10 8 3 9 2 2 9 4 10 5 4 9 4 7 1 2 3 8 6 5 2 6 9 8 4 3 9 4 10 2 4 9 3 10 4 5 9 8 2 2 6 7 8 3 10 5 4 2 10 6 4 9 1 4 4 1 8 9 2 8 8 6 5 2 4 3 2 1 8 9 10 9 6 9 6 4 6 7 1 5 3 8 10 2 2 6 4 7 7 6 5 5 5 9 1 6 4 3 3 9 8 4 10 9 9 9 4 8 1 7 6 8 7 5 9 4 7 7 6 10 3 10 8 2 5 10 2 5 6 1 8 8 3 6 5 3 1 7 4 3 5 8 5 4 5 3 5 4 4 3 10 10 5 2 10 4 7 1 2 2 2 10 6 8 10 9 9 8 8 8 4 9 4 10 7 9 4 8 4 1 8 9 6 4 8 5 1 7 8 8 8 1 4 10 3 10 7 5 1 4 7 7 5 1 2 4 2 4 1 9 9 7 3 10 9 6 2 7 10 4 10 8 3 3 5 5 1 10 6 2 4 9 10 9 3 6 2 8 5 4 4 3 7 2 2 4 8 2 4 6 10 3 7 6 9 1 7 8 5 10 10 7 8 6 8 1 4 1 7 2 3 6 4 2 2 3 10 5 5 10 8 2 5 6 6 4 9 6 7 7 8 10 10 3 7 8 8 10 7 10 3 10 2 1 5 8 1 5 1 2 2 8 4 4 5 6 10 6 5 7 8 4 10 4 3 2 10 9 10 3 1 9 9 4 8 6 5 8 7 2 7 8 3 4 2 5 8 6 1 1 5 5 10 7 9 8 7 5 1 9 4 10 10 1 8 6 4 5 1 3 10 8 9 5 8 3 4 7 9 5 1 2 4 3 5 8 6 3 6 4 2 7 8 5 2 8 10 1 9 1 4 5 6 10 4 3 5 3 2 7 3 7 9 7 1 1 5 9 10 9 6 1 9 6 2 9 10 7 3 3 3 4 4 8 1 9 2 5 4 5 5 5 9 4 8 6 9 3 9 1 1 1 2 7 8 2 6 5 1 1 7 3 6 3 1 9 10 7 7 1 4 10 1 3 3 8 10 8 4 10 4 6 3 5 9 5 3 7 6 3 1 8 1 6 5 4 8 5 4 2 2 8 8 6 10 5 1 6 5 8 8 1 7 9 1 7 9 2 5 10 9 9 5 4 8 10 9 5 4 10 9 5 1 5 4 9 3 1 2 7 2 5 7 2 2 5 4 5 2 9 2 10 6 6 1 4 8 9 10 9 7 1 4 3 4 3 9 7 7 7 10 7 2 8 2 1 3 6 4 3 7 5 7 3 3 7 5 5 4 3 4 3 5 4 2 10 1 3 7 9 8 2 6 4 3 4 6 5 3 4 7 3 5 1 10 4 2 6 8 5 7 7 2 10 9 3 5 4 6 4 2 10 9 8 1 3 1 4 5 10 6 4 4 6 8 5 3 5 10 3 7 10 5 8 8 4 2 7 7 10 5 5 9 9 5 2 7 9 9 6 6 7 9 6 6 8 5 10 8 6 8 7 10 8 10 4 4 5 2 7 4 3 9
86 1806
86 935
935 816
935 1174
1806 309
309 659
659 1583
655 1583
1583 1710
1174 566
1524 566
618 659
659 977
618 1737
636 618
1737 859
1524 221
700 1737
1524 903
913 859
778 636
1639 636
309 206
543 1524
673 543
1583 1267
1244 655
977 105
903 823
1639 1126
673 1039
558 913
859 463
578 823
438 823
1428 903
859 1487
1039 917
1428 1170
1039 457
618 1793
206 711
1188 578
1695 859
693 463
655 1629
872 859
1428 1775
309 1761
604 1487
1159 578
1179 1428
636 831
711 226
429 438
455 1179
429 1409
429 228
159 1267
256 1775
105 944
438 477
1071 1267
1071 1031
438 1318
256 1825
556 823
353 1071
1825 285
1071 104
1524 1443
122 1761
558 1827
872 716
1091 353
429 611
1793 499
909 831
611 1317
1509 477
162 1509
105 348
1376 872
693 1432
1179 324
59 1318
716 258
1188 124
202 348
700 9
1134 909
567 202
1376 1005
336 463
636 1101
1322 336
578 1528
228 1587
1738 1528
1156 348
803 823
1101 186
1738 1520
1821 1005
1451 1587
552 578
1014 1520
336 203
872 887
220 477
1581 556
611 1812
455 637
1321 1159
224 1005
803 16
147 1761
571 887
643 1629
1101 1855
771 1528
1581 712
1771 543
1039 1709
552 537
1593 1695
1091 590
803 719
1219 719
1043 700
803 782
951 1827
584 1825
782 1836
793 1428
950 499
1795 1443
1807 353
643 1304
1713 1738
1175 224
637 1859
1587 906
1134 794
203 1331
224 134
110 348
1617 537
691 537
1588 147
322 1219
202 1063
228 1330
643 593
1847 203
1039 133
1330 1119
104 1217
1104 691
885 1617
1645 124
782 1399
1322 1335
1617 248
133 1056
1247 463
322 406
1217 1801
129 1709
719 1240
353 1621
1458 571
1331 1182
691 1149
8 712
1855 1822
1617 294
1308 1247
590 1213
1798 951
1219 1674
1363 336
1318 1440
1855 878
1512 1318
1815 457
1781 1617
1847 302
1686 133
1621 102
1134 1862
537 731
1147 1617
869 1645
731 169
1674 1620
347 712
1815 1499
1292 1147
224 621
461 1528
499 1394
623 711
641 224
1151 691
1862 632
305 406
1151 57
363 129
1055 1056
1827 1227
1144 224
472 1509
1149 633
1822 209
1440 356
1509 766
354 1847
392 1451
1104 401
917 971
641 1419
344 224
1206 1247
1144 894
875 731
580 1419
443 348
1597 1419
1219 49
1828 1807
1487 1834
1294 719
1736 1807
782 965
1337 1335
1709 252
965 799
429 1098
1440 1424
3 1188
620 1175
477 701
1002 875
1750 1512
446 1331
1822 1233
1597 1275
621 157
938 354
1046 1322
1736 114
1620 954
49 921
878 304
1337 1109
1399 1696
498 1499
1593 1740
1376 269
1509 1118
731 1418
354 596
1213 686
570 1363
909 427
1440 43
401 1045
1055 1094
1233 1515
62 1740
1185 1308
240 1528
1834 877
1150 1696
701 1657
223 686
226 522
1807 1579
1318 486
1727 1713
240 780
302 312
883 43
1499 136
252 1718
223 1180
860 633
220 1829
517 1828
557 566
358 1213
1278 1180
1836 1564
312 270
716 195
1399 1345
486 728
556 1204
567 1739
1335 1172
9 733
568 1443
427 1707
557 645
806 110
1337 13
796 522
335 1807
1410 122
358 974
1180 867
1410 214
1215 1829
5 162
1045 989
545 780
555 1185
1824 1308
1791 304
392 1439
112 1409
624 731
1836 1036
723 347
169 196
112 1282
990 623
1234 1418
363 1506
1798 1692
766 922
1762 869
906 77
1559 522
1052 1247
354 769
312 387
868 555
62 1265
1103 387
1539 868
1727 172
1424 362
590 1030
83 1215
62 1009
1465 731
622 172
399 1828
520 57
1815 1341
1841 1465
785 49
590 418
1046 853
1804 853
427 918
953 3
643 976
77 101
1579 1033
1151 1691
707 1738
1385 1696
785 1192
1665 1118
1777 252
1101 1856
1790 1206
312 958
798 922
1634 1182
472 1659
1009 1319
326 8
1465 115
1822 1866
868 781
425 701
796 1633
1204 945
594 1399
1866 36
1233 1048
660 1175
1777 713
1227 598
55 1045
1336 1804
212 568
1078 1213
1029 799
691 755
302 528
102 1513
1319 678
208 1170
1550 1192
630 406
1515 449
1282 524
392 1389
1094 243
634 122
660 997
990 1342
701 369
1830 1109
1102 686
1689 1030
1401 1102
1718 544
1026 322
67 212
344 135
258 542
964 1458
1794 634
927 594
1278 216
1102 436
1057 472
1024 1588
1061 446
1046 1086
511 545
375 1102
686 25
1030 866
1740 1598
667 1866
753 358
645 1730
1200 1322
781 378
1033 1482
974 1554
1740 1095
13 1546
1597 1084
1425 667
796 1572
317 557
487 425
1307 1794
1526 1046
1634 1390
545 1585
387 297
443 912
211 1217
976 1250
1687 1526
1598 1699
964 1383
136 992
208 521
344 1312
1450 1824
694 1691
387 1196
1345 1772
652 556
898 731
244 1029
369 1627
1597 884
1388 1102
1515 1560
763 1738
528 1749
1307 1495
1063 900
600 1450
707 81
75 1495
1110 358
1110 512
228 1502
8 1490
740 798
1154 1629
239 1385
33 498
1156 550
954 450
1646 1250
244 1514
786 1182
1391 1633
853 1329
1689 1324
1315 317
169 1074
1066 369
878 1311
427 1651
912 1403
1444 1319
1144 956
128 528
1639 1700
1550 489
1137 992
991 1063
1790 1115
1439 405
1739 1295
594 1602
1341 21
1180 430
450 1489
1311 1392
1390 1577
1215 847
1777 1369
1093 1389
317 1400
374 898
1025 304
740 619
786 1396
1513 1019
1036 1220
1459 971
278 723
1296 1102
1651 445
842 1791
539 853
808 1598
25 1574
1836 1123
278 1635
1541 1418
611 1277
855 1772
1078 1479
1574 720
1124 1093
580 97
1127 1855
1425 68
495 1772
792 1331
1771 1340
1146 785
1390 1382
1383 142
576 1686
1731 1621
883 1517
1288 511
792 1252
20 1546
1252 94
197 976
713 680
1652 766
317 513
1501 539
1773 512
1051 1215
831 175
94 1630
1312 265
1598 1504
25 547
135 330
507 1278
520 999
1261 719
1290 1388
97 1711
1292 121
1544 921
85 1124
945 664
1766 576
1446 1689
207 1515
1595 733
1607 1602
1687 1553
1694 1598
1146 1478
930 545
1469 1296
1100 1295
1807 364
645 820
2 297
519 1490
781 1518
1080 1294
1233 1723
1804 108
651 128
934 550
1337 1238
1345 1393
1716 1713
712 1301
660 1780
1723 1073
1790 402
1516 1282
851 1620
1752 1151
958 137
1388 1032
701 368
1432 230
656 868
2 1745
1416 820
781 1796
95 36
264 1731
1471 547
1558 806
542 1274
945 1168
192 402
1393 426
272 786
1730 1568
503 67
101 435
48 660
185 954
254 207
936 1086
1512 1675
1110 1235
942 1829
1461 1752
756 503
269 391
1731 1153
634 1763
112 1334
1627 767
1100 386
979 1425
57 1125
617 13
500 1410
690 1489
26 1659
1459 654
768 519
555 355
1461 508
1756 1517
1699 1776
63 503
1137 1368
1127 1333
1225 55
1410 790
1815 1467
1294 529
1036 1719
1222 898
422 63
483 851
1467 821
491 1125
1411 508
870 690
1193 796
1670 1252
520 1613
671 1630
487 1786
610 305
1100 1584
1820 214
215 1554
391 1417
1650 611
1393 444
868 862
1073 1216
1783 368
934 1589
532 1651
1425 703
1544 385
458 1337
1182 52
1081 425
1397 1856
1410 227
929 55
1786 283
1598 1603
1203 278
821 366
756 153
1654 884
433 1465
1568 1350
508 1782
283 871
870 1844
1496 1674
585 1496
376 733
908 1389
214 597
27 49
1862 234
379 964
1479 749
979 50
1789 1489
1276 1730
292 693
1760 716
710 1620
1756 1714
448 792
1626 1504
1465 531
1848 1762
346 1410
1253 128
1827 1077
1686 757
1786 1406
1754 1692
1123 642
1253 1211
1608 1146
792 80
1595 473
888 707
304 695
108 730
1242 1652
749 509
1319 1034
238 1553
1482 451
407 871
999 1770
1474 757
507 1616
703 308
117 1077
1758 252
440 97
1114 508
1783 1684
740 1799
720 64
1464 1278
511 514
527 1650
706 1630
986 495
1766 1293
1229 1056
280 1745
1301 1571
1444 937
981 392
964 92
1233 1364
137 1861
688 979
864 252
290 1211
1467 518
471 13
1335 490
1229 1663
864 1529
1779 254
755 65
1401 190
1762 835
1626 1155
718 1392
1211 765
1773 1576
1085 1295
222 1411
1081 1435
1296 1270
1200 1765
929 99
1665 154
1311 1521
1734 1270
404 283
427 1152
1216 661
1195 1687
92 886
1183 785
1054 781
1332 387
1835 20
1758 284
1270 210
1062 986
13 1105
1044 1388
1517 1286
1195 460
987 491
1649 265
828 821
782 717
426 773
829 1756
447 284
1660 1435
1202 1861
1796 454
481 871
976 649
1340 166
1016 870
330 474
547 286
1829 415
393 206
1270 1605
1267 333
777 749
999 464
15 1529
339 1450
1628 474
1259 239
1427 1616
1398 407
362 42
1675 1543
570 18
761 1613
940 81
1552 1763
369 1594
1492 27
529 947
907 265
204 1613
1569 517
333 1017
830 777
339 1037
1708 222
366 437
166 1395
1439 1601
1122 999
725 363
1836 789
1680 1501
629 1782
166 1422
1613 282
44 630
880 870
1153 1703
21 98
1492 237
1122 113
10 1601
912 505
453 1037
937 1667
613 921
1660 1681
772 368
610 1310
1497 212
1534 987
244 281
1841 975
1866 1562
409 1836
1349 725
292 504
1573 651
1755 208
1479 805
97 350
692 283
987 1519
101 31
807 282
764 593
426 501
1338 282
1809 1755
1090 1295
27 810
1149 1693
333 1354
1497 1819
443 554
801 252
657 1146
522 1503
491 525
1303 1680
429 1840
267 1424
466 610
1351 64
1180 760
569 1081
254 1431
1543 299
981 328
119 866
1774 864
1610 1002
1483 1056
730 273
1604 1613
1028 1504
739 1496
1196 533
1658 1752
453 37
409 496
1602 341
874 42
1618 1568
313 600
160 1483
1312 365
509 644
291 1369
805 1218
1529 1811
729 1276
708 801
307 99
864 586
605 1553
72 1333
987 824
1222 745
1522 192
369 388
1269 1086
683 27
1439 743
328 397
404 161
1076 981
1699 551
436 699
754 1235
380 1028
340 1238
37 579
1152 1715
1725 142
412 1824
1533 1222
1115 118
723 250
503 1455
371 829
828 914
950 741
1319 181
1584 1724
318 1398
282 1186
1283 474
1801 1473
881 1078
916 1122
1107 1369
271 1534
1492 1387
1648 824
1865 1269
1115 639
476 160
908 329
32 1296
599 1618
1747 1681
460 187
1810 460
1110 167
1846 1411
402 1701
946 473
888 1647
77 747
830 1746
367 472
1545 1755
1663 47
1586 649
1564 748
657 1356
801 184
1559 201
180 829
924 1398
572 922
776 1865
841 1663
956 857
599 383
459 1431
447 1449
685 454
789 1088
9 715
729 1135
1553 1853
559 504
579 361
32 744
1249 129
837 1307
1054 1280
1218 479
804 1269
1388 1128
1803 1562
381 613
1426 1497
56 835
1106 1334
67 1463
684 113
921 1214
1622 471
1131 308
377 533
817 568
844 1463
981 939
505 1462
758 240
1167 458
1563 481
311 371
968 1469
1274 1087
929 251
1794 253
473 614
818 251
18 627
138 1290
639 420
873 992
1548 912
1618 1190
856 1548
725 1060
379 1187
1328 1334
1644 1288
1716 78
464 1868
1433 885
1435 1199
1623 440
1072 572
1053 374
627 71
532 1797
1754 58
1434 367
1648 1638
357 489
1496 1042
400 1703
1008 1063
422 536
1777 1535
1324 296
1290 1205
468 1647
98 60
605 882
1291 508
1641 1786
37 1566
1243 1431
1662 804
1632 1618
988 1605
1486 361
1155 813
19 1515
842 978
730 1176
1051 982
1703 331
1505 1295
471 1732
967 1008
1400 1507
1382 1852
1724 1166
1453 505
296 40
115 784
53 1560
761 1600
849 1080
183 1786
46 1045
250 919
445 1089
607 792
851 173
242 1269
1229 1668
345 572
1435 1837
1622 738
529 1826
1207 877
1704 699
158 620
125 1078
879 357
139 15
1426 236
1374 1005
1258 1294
504 1702
251 334
594 746
1853 1289
277 1149
217 18
384 723
189 763
625 183
116 448
171 1680
143 384
1301 103
71 360
1669 857
899 536
582 299
940 970
1641 1823
12 934
817 130
1792 166
1459 770
1030 323
1120 53
924 411
60 1851
784 1366
1768 533
1808 1310
1341 850
982 123
1770 1000
541 1033
199 1819
1106 827
1085 1525
1149 342
1351 1666
160 865
99 833
1035 1780
241 1617
1685 1340
847 722
1105 969
355 1117
556 298
519 973
607 1531
183 1445
844 1637
924 1367
814 1483
1425 1720
79 1607
1548 150
98 390
393 1067
170 849
178 454
822 661
380 1070
911 552
1658 73
945 838
1553 35
651 1722
145 796
198 1660
95 1164
929 843
1441 1072
1248 278
1221 1195
1792 1578
631 1662
1140 1060
408 481
991 663
24 1187
1022 31
783 307
1595 1047
321 241
266 536
924 231
516 772
1567 1026
1080 1624
337 1604
1106 434
575 1277
176 744
1177 1235
1431 1306
827 562
325 1016
762 813
114 595
263 1844
236 603
1302 627
1353 150
509 1232
1130 1724
940 506
1729 1638
961 706
706 815
15 1209
1369 1448
1343 842
1748 1445
1223 1186
574 642
343 1799
255 166
316 762
125 200
601 460
806 1596
970 666
148 1203
708 452
921 276
1037 1236
205 265
493 1232
63 213
1097 1090
756 1611
422 1064
628 371
1753 870
18 225
1537 199
1285 899
1112 830
1284 1073
593 1442
1167 1656
765 1698
1367 1038
1769 1589
733 538
779 178
1076 1672
841 289
1216 836
1129 384
1192 1226
253 802
1746 682
1615 1518
448 1785
1051 1327
677 1525
74 1709
1312 890
1540 916
40 1437
1198 708
1138 529
1799 66
1680 534
22 1411
937 1287
551 1178
1703 1679
1408 77
1412 1038
1351 1592
1035 669
1466 1618
709 205
351 170
1372 1284
721 74
319 1613
1037 6
1323 1248
715 787
706 616
1538 988
343 1642
1377 1089
39 745
1542 652
1843 1302
500 704
1796 834
1488 1654
1533 774
1042 1742
1075 582
934 1839
815 439
191 199
320 814
319 1436
74 897
1201 830
34 753
708 1348
170 1239
82 1287
11 466
88 1729
165 1397
1006 280
752 919
1691 984
579 1141
173 1402
1444 111
201 904
602 1853
740 1833
1223 983
106 1715
1377 96
296 1208
219 1214
1530 1589
895 439
235 1783
1615 45
359 1403
15 257
1338 852
770 310
73 1139
957 868
1675 1132
1751 1434
262 58
1825 943
238 1741
187 546
247 138
1402 295
1027 747
1640 1670
943 1690
1142 74
759 198
960 205
1555 241
970 1787
1485 361
815 260
791 1306
1287 421
982 742
1003 1047
1795 1241
1035 410
1730 1194
488 1303
565 1019
1209 1864
606 123
804 1231
1064 1145
365 1802
1387 396
1721 1221
1845 572
1653 1214
155 786
359 1386
447 1158
491 1814
1678 1548
108 1788
219 1111
1452 1448
647 1719
829 896
200 515
1208 1357
374 1148
886 1565
1206 338
247 734
1849 1684
177 669
1139 689
95 1676
1083 968
936 587
742 583
1690 1456
685 1136
1466 1161
650 1083
303 1699
408 1099
1430 367
382 111
1358 572
742 1082
1365 1214
182 686
526 1837
819 374
1371 1365
1157 729
729 1858
1636 756
1401 662
1577 846
1181 1554
54 1802
279 180
1306 1557
1160 1412
682 1251
952 1779
742 1384
1582 235
483 1726
1807 1867
1437 352
1869 684
981 1378
413 688
1591 1129
1022 626
1481 1753
141 1251
140 860
676 1538
1786 638
1774 1023
687 1672
1054 1606
1776 84
398 1533
74 1472
163 855
1309 961
1519 1344
265 372
1441 732
246 1755
710 127
1863 783
194 1711
845 1395
38 519
1792 462
1143 789
1230 199
1673 1387
1569 259
11 795
352 109
1243 1255
1850 1310
1865 825
1272 741
827 928
1599 754
442 1861
1184 539
825 416
205 152
1178 1352
1365 1536
839 1748
565 681
1259 1682
377 1189
1813 1762
675 1548
1246 805
1596 497
1518 1405
1480 1400
373 1530
1256 795
1187 955
61 1779
1076 70
1492 403
408 848
600 174
547 635
1590 1578
548 1536
218 1474
1797 535
1096 1259
87 1274
1347 721
1173 1214
1346 82
232 118
1299 1306
1373 908
1683 939
1184 985
1423 1636
560 666
763 1041
529 949
106 1818
736 377
1127 1728
1826 1767
1460 359
788 985
1671 1564
1826 229
332 386
1273 1164
1682 1817
647 1313
1007 681
232 1092
995 235
88 1468
1556 295
1802 1268
291 609
758 1260
1092 1454
670 1813
1712 1377
1237 1468
1121 398
319 1743
1064 193
1254 352
199 482
1790 1316
959 1839
1565 932
51 1007
663 349
920 266
549 45
960 702
591 138
1101 705
478 257
90 493
994 914
1096 1370
432 266
572 1510
1538 1050
1113 1237
805 1004
647 553
93 1356
1415 209
470 277
1480 797
175 1263
37 1040
484 1022
1839 1162
327 828
1009 394
762 775
761 126
523 139
1545 812
67 592
1013 669
1414 1702
561 1201
609 564
130 389
1858 1163
726 1080
1130 1551
1414 1245
35 1805
683 315
993 98
963 1725
1493 219
953 7
948 1230
103 1784
109 931
1079 48
1575 1507
1141 1511
1733 1422
908 76
1139 1677
1012 87
1407 1081
743 1854
1570 194
1841 714
1177 1001
10 28
553 1757
533 428
1624 698
1257 145
185 1279
1010 1739
998 1782
107 1204
1199 300
1314 307
891 386
1744 33
1688 50
1238 1375
1361 1478
759 668
901 1136
959 750
1230 1404
1433 653
233 113
1498 36
1723 1171
1339 1615
1107 1475
563 553
727 770
741 1305
1838 955
820 1705
394 1413
414 174
626 314
1693 1759
1664 1280
1365 665
749 925
1108 1732
1857 1505
572 1494
1169 1044
1842 1027
310 1643
303 1764
646 1093
17 1700
966 442
1831 1854
179 920
1298 314
616 1355
918 672
530 1201
840 1803
1614 1688
373 1058
1069 802
1841 441
1415 1133
404 1018
737 1427
996 1194
287 476
1818 1491
926 1864
1726 1011
1832 594
1561 1168
811 774
741 131
546 1476
648 931
982 923
1371 1631
863 508
1776 1228
895 1625
1110 419
91 96
1756 735
357 589
1211 370
1640 1457
146 525
96 1212
588 1531
249 1721
1347 4
948 1359
1300 1560
340 889
1263 275
480 1043
510 884
395 675
1816 532
79 893
1580 923
1029 941
41 1255
291 696
259 581
431 1631
29 725
1320 1405
358 1523
1638 100
615 1096
1549 236
1717 1526
1049 1358
1619 1305
333 475
972 993
1774 1266
959 1527
563 1
1711 1381
1169 467
249 1447
398 245
679 1001
654 293
892 840
854 311
1742 697
1313 1661
1719 30
648 800
1609 1320
1557 1068
557 1470
1573 164
1360 466
1236 288
132 1510
573 1551
1477 1054
608 11
563 156
1612 1287
724 610
988 1735
1271 1309
832 896
577 764
47 1532
619 485
1362 222
1021 27
1430 1297
417 1741
1065 1561
432 151
274 388
288 751
1484 1558
1429 1539
980 745
1255 492
374 905
229 89
713 1165
1197 939
1778 1770
306 1747
1816 1420
1570 1860
861 1856
876 1636
1224 1852
69 515
592 502
1210 1470
465 260
261 785
1199 423
1501 1697
910 1835
783 902
1350 612
456 612
1438 1033
653 1508
140 1262
1281 39
78 1500
937 1379
640 1814
494 929
1380 559
1530 1655
858 72
301 85
1020 698
1757 144
268 1138
1015 1237
1554 1547
90 933
423 1326
634 658
846 188
674 1678
7 540
1191 1365
23 1507
1800 777
1223 915
168 1648
1099 1116
809 653
1706 627
152 424
549 14
1059 628
1512 1264
1325 1198
1441 149
469 1372
748 120
669 826
1002 1421
962 84